10000 3525
1629 0
0 0
6693 0
2709 0
7374 5878
1057 0
0 0
7854 0
0 0
7754 2036
229 1822
8247 4705
0 0
5135 0
0 0
0 0
0 0
0 0
0 0
5892 5578
7555 5871
513 0
884 3982
0 0
3395 0
9246 0
2883 0
2204 5619
8848 0
0 0
2197 3814
9566 0
0 0
4403 6251
0 0
5741 8338
10000 0
0 0
5007 1270
8217 3996
0 0
6430 0
9179 0
8290 8783
8986 0
2195 0
0 0
4013 0
9126 6520
9146 0
0 0
0 0
0 0
5222 1259
0 0
5986 9981
0 0
0 0
4055 0
0 0
3652 5424
0 0
1296 6293
7647 4904
0 0
9911 0
1470 0
7730 0
0 0
3688 7320
3629 0
3499 0
0 0
0 0
0 0
8894 8076
2209 6207
4600 3638
3831 7772
0 0
0 0
0 0
0 0
0 0
3533 0
0 0
1365 0
2287 0
5850 0
8684 7120
429 224
0 0
2803 0
2651 3488
7927 6624
0 0
0 0
266 0
0 0
0 0
0 0
3865 0
5922 0
1775 5976
0 0
174 6186
292 2466
1858 0
3549 4988
8541 0
6917 6691
0 0
0 0
7128 9889
0 0
9961 4892
9359 9861
7841 211
1826 0
6299 0
8568 0
0 0
0 0
3727 0
2442 6147
8716 0
2684 6017
4283 8693
2574 0
0 0
9201 2196
0 0
9536 0
4607 1148
9595 0
4496 3160
0 0
5428 0
9635 0
0 0
2457 7913
9027 0
227 0
0 0
0 0
5597 0
277 6016
0 0
0 0
0 0
6510 6767
5683 9907
3901 0
4151 0
0 0
8326 3509
332 0
0 0
0 0
4370 0
0 0
6128 834
6234 865
6316 7023
8479 0
0 0
6915 0
0 0
0 0
0 0
9965 0
0 0
0 0
2864 1443
0 0
8852 0
0 0
3553 9025
0 0
3109 7189
0 0
0 0
6923 0
0 0
7446 1467
0 0
7401 2057
0 0
0 0
0 0
8287 0
0 0
4663 8389
6392 7882
2823 7875
0 0
7613 3986
7094 616
6805 0
7223 5889
3269 5489
8754 3537
5813 4095
7077 0
4044 0
0 0
5782 0
6098 8690
5325 0
9963 9381
0 0
7908 8619
3101 6851
0 0
5959 1325
9592 1488
416 2367
1958 1398
5279 0
5685 0
8336 0
4103 6220
7922 7084
3404 3958
0 0
9966 0
5219 0
0 0
0 0
194 0
5040 0
1103 3396
0 0
461 9342
1254 3699
7221 6161
0 0
0 0
7251 0
0 0
5087 78
0 0
0 0
0 0
6725 0
1371 0
1584 6310
5334 3724
6694 0
7309 0
4178 2041
8417 0
8196 0
0 0
9739 8513
4796 0
8431 6118
8815 0
0 0
18 6898
4794 0
0 0
2832 251
8821 1246
4335 0
0 0
7299 0
0 0
6271 0
0 0
533 0
6763 8528
0 0
5006 7092
5714 1432
5589 0
7761 9664
0 0
0 0
0 0
0 0
2922 3149
0 0
0 0
7619 4953
686 6424
8391 5629
1966 731
6262 1911
3370 0
8672 0
6301 0
0 0
8379 0
7853 0
178 9190
4277 0
761 0
228 0
0 0
0 0
0 0
3960 9417
0 0
0 0
0 0
3793 0
7384 0
6169 0
6241 6949
6871 0
0 0
9162 7339
0 0
3241 0
481 6682
3937 5599
2891 0
8008 0
1162 0
6971 0
0 0
0 0
0 0
3106 2554
3343 4566
0 0
8968 7421
0 0
0 0
5556 0
0 0
5893 0
5492 8958
896 4679
7969 0
2741 0
7626 0
5970 0
5010 0
0 0
4869 0
8040 2967
387 0
0 0
8539 6958
0 0
9571 1495
0 0
5631 8884
0 0
0 0
2895 3207
5834 9866
0 0
0 0
6330 0
0 0
8700 0
6894 0
3915 218
1699 0
7982 0
9714 0
8720 9796
0 0
0 0
0 0
90 5338
6821 0
6324 2781
0 0
3944 2284
0 0
0 0
6475 4561
5067 0
0 0
5944 0
0 0
6123 0
3747 5518
8527 2026
0 0
0 0
8485 6651
7479 2017
0 0
0 0
0 0
4514 7372
1404 5752
6598 3477
1526 0
3123 1311
9370 0
3758 0
0 0
0 0
8847 0
0 0
1072 0
5746 2397
626 7885
7996 9211
3942 0
7845 3373
5405 5805
4859 0
0 0
9040 3010
4690 627
6679 3956
4504 0
0 0
5919 2668
8912 0
2884 9078
1759 6653
7392 0
3515 4048
0 0
5590 2377
0 0
9229 2281
8856 0
3162 4951
7400 0
0 0
9803 0
173 0
0 0
0 0
6154 6067
0 0
3484 0
1736 0
3428 0
6911 0
3864 1665
166 195
0 0
2530 0
1919 3665
0 0
7581 5388
0 0
2218 0
0 0
0 0
2976 7953
7207 5680
0 0
7544 0
0 0
0 0
4428 6739
6285 8058
5109 0
9329 2514
1969 5825
413 8589
2841 0
8178 8319
0 0
0 0
0 0
1214 0
5885 0
370 0
7417 0
5257 0
8113 0
0 0
0 0
6574 0
0 0
0 0
1645 2427
0 0
9671 0
9039 0
7348 0
7332 0
5851 0
0 0
0 0
2519 0
0 0
4587 1417
2480 4359
9166 0
0 0
0 0
5542 0
0 0
4886 0
4016 8433
0 0
1663 4263
0 0
0 0
0 0
6383 6414
0 0
6609 3140
3774 6681
0 0
2266 7543
8946 9830
5573 0
603 318
0 0
5668 6402
3118 0
6005 5312
2629 7775
3171 1546
276 0
0 0
0 0
0 0
2982 0
0 0
0 0
5509 0
7028 2495
262 0
6015 2648
9455 5852
3999 0
3832 0
2665 3978
5364 7771
0 0
4035 0
9052 4202
0 0
0 0
0 0
0 0
0 0
0 0
4918 6618
6099 3110
2847 8493
0 0
0 0
0 0
7081 6042
6479 4552
6113 0
2937 0
0 0
1650 944
5031 0
2432 5770
0 0
581 9443
2553 0
0 0
8601 7515
188 0
0 0
1727 8630
6210 0
0 0
0 0
0 0
685 8972
2374 0
0 0
0 0
3392 8163
2250 0
4680 8719
9259 0
7965 0
8141 0
8738 9009
5346 0
0 0
0 0
0 0
0 0
1636 4445
5762 9793
9781 3923
0 0
4971 3237
0 0
6196 0
1389 0
6045 0
1511 0
182 0
2980 6369
0 0
6311 4908
6346 3454
0 0
7991 0
7648 0
0 0
928 0
0 0
8461 0
0 0
5508 7495
0 0
0 0
2687 7336
9639 6796
6166 0
3546 0
3990 0
7521 0
0 0
0 0
0 0
1156 2408
0 0
4574 8916
724 8790
0 0
5982 7590
5868 8190
0 0
1402 9228
3216 7323
5425 0
5675 0
0 0
0 0
2469 0
4950 0
0 0
5422 836
0 0
0 0
2126 3780
495 1991
0 0
3299 0
3288 0
3521 0
0 0
0 0
9751 5978
0 0
0 0
1942 0
2264 464
0 0
0 0
0 0
7712 1595
6464 4164
0 0
0 0
5155 0
0 0
0 0
8763 0
8104 7986
9316 9037
0 0
3485 0
2850 0
2604 2647
6592 8565
0 0
920 0
9575 0
0 0
525 8501
1791 6863
0 0
8470 4104
6110 0
0 0
0 0
9593 1974
6579 0
1446 3552
1614 0
1408 9327
0 0
5637 1703
0 0
0 0
0 0
6170 0
0 0
0 0
7601 7139
1310 3390
0 0
7484 0
7443 325
5369 0
376 8340
5165 0
5039 0
800 7547
0 0
0 0
6644 2630
3338 5767
2705 732
0 0
0 0
3522 0
5302 0
8982 7759
0 0
2332 964
2407 4384
4601 5210
0 0
9321 1633
2283 0
0 0
3599 0
6955 0
0 0
0 0
0 0
94 0
9798 0
31 5
8294 0
0 0
0 0
3405 3056
0 0
0 0
6160 0
7493 1820
0 0
4324 126
9660 7329
6664 0
0 0
0 0
6659 3662
0 0
8538 0
0 0
1982 7866
6720 9054
0 0
0 0
3664 7292
0 0
1388 2755
0 0
1712 9046
0 0
6652 0
4436 0
0 0
9585 0
3835 7302
516 0
4248 0
7322 0
9236 1773
606 7642
4256 2051
0 0
3411 0
846 9396
1051 0
0 0
0 0
339 0
0 0
0 0
9460 0
1803 9869
0 0
9289 8349
8354 0
437 494
892 0
5740 7990
0 0
0 0
7856 7448
1115 0
6656 82
940 9962
5084 0
7690 9681
9957 0
4807 0
2965 9296
1400 0
0 0
1082 8151
0 0
0 0
6125 0
8045 8646
3214 0
0 0
3769 335
0 0
0 0
0 0
0 0
5690 0
0 0
259 3784
2546 0
628 1255
4624 5126
6593 0
0 0
6997 0
220 0
0 0
3129 7796
0 0
8930 1429
0 0
6155 9754
0 0
1199 3158
8198 2945
8936 0
5515 1157
3790 0
0 0
23 0
789 0
9800 0
8907 1114
0 0
7347 524
1854 5093
9065 0
1517 0
1294 5660
8250 0
5529 0
6696 7645
6302 1465
9789 0
9384 0
7267 0
893 0
3046 0
1750 0
1033 0
7054 0
4990 5896
0 0
463 0
2887 1136
0 0
0 0
2905 4612
5251 0
9634 0
0 0
4572 7713
0 0
9358 0
6731 0
0 0
5401 0
0 0
5679 909
0 0
0 0
6876 0
248 0
0 0
1392 0
786 0
6418 0
9337 0
4631 9567
0 0
1207 0
1190 3205
1562 3319
908 8370
3090 5725
8171 0
246 2416
2637 0
0 0
0 0
9067 3371
0 0
5116 4903
3743 1377
0 0
2627 0
0 0
3730 0
871 0
911 2632
7502 4105
5393 7110
4190 486
0 0
6448 0
1972 0
9697 6511
0 0
0 0
0 0
133 0
938 0
0 0
5243 4234
2028 0
0 0
536 0
3681 0
4464 5761
3007 2456
4196 0
9463 0
2160 8229
5723 169
9641 4489
532 9281
3208 3397
3733 0
389 0
0 0
639 0
1894 0
1184 28
7742 3267
0 0
1711 2761
0 0
2914 787
0 0
0 0
5012 0
1569 6172
0 0
8061 0
5420 4141
1079 0
0 0
0 0
3108 0
6493 0
0 0
0 0
0 0
0 0
0 0
7407 407
0 0
688 0
5227 4337
0 0
0 0
0 0
8699 6477
9679 9427
9128 4111
1328 1709
2930 0
0 0
0 0
5955 0
3911 0
3227 6423
8850 8586
1983 347
0 0
378 3772
0 0
0 0
5758 0
3457 0
1960 2190
5117 0
5950 5073
4926 5017
0 0
0 0
1251 0
0 0
7246 1694
7226 9703
114 4087
7064 5804
8174 0
8079 7801
0 0
0 0
8373 9665
0 0
0 0
1802 0
0 0
0 0
0 0
0 0
0 0
3502 0
0 0
7255 281
9748 3023
0 0
4606 9732
0 0
4461 0
0 0
1798 8635
0 0
0 0
1554 0
2951 5147
2700 0
4657 1286
6268 0
0 0
2556 0
6595 0
0 0
491 2511
1917 9726
3819 0
7360 0
159 0
9043 0
0 0
0 0
7082 4661
0 0
7222 170
0 0
618 3093
6667 2703
1611 4393
4931 0
0 0
440 6215
0 0
7998 7979
5358 0
0 0
3594 0
0 0
7891 0
5322 8597
7177 0
5383 2661
7893 0
4519 5103
0 0
0 0
0 0
9561 9974
7034 1420
0 0
71 0
708 974
4340 0
6643 0
0 0
4829 6227
717 2446
2787 0
7422 1624
6935 0
0 0
4022 3639
0 0
0 0
0 0
0 0
5672 5355
3028 2634
0 0
0 0
7278 0
9740 0
5224 6494
595 2236
6748 7586
0 0
0 0
128 0
9763 0
6102 8350
0 0
0 0
0 0
6428 4802
4386 0
7604 0
5225 0
0 0
0 0
0 0
0 0
1053 0
9563 2582
9270 9927
4494 0
6360 0
5551 3097
2688 6580
8396 0
3252 0
12 8405
3816 1019
0 0
712 6657
5363 9865
7190 0
0 0
7674 6434
0 0
7327 664
7695 5250
0 0
8462 0
0 0
3630 4814
7116 0
6445 6105
4468 0
5513 6167
0 0
0 0
0 0
0 0
0 0
3572 0
952 3842
480 0
2373 8351
9601 0
0 0
0 0
7051 7007
538 0
3150 0
0 0
4970 0
1140 0
3891 1191
7238 7890
6992 0
9400 0
1331 141
7218 2424
0 0
0 0
5261 0
900 0
0 0
8771 0
9878 658
0 0
9282 0
7490 7042
2727 0
3859 6219
7461 0
6431 0
0 0
0 0
8410 3898
0 0
5777 0
6446 57
6706 3042
6770 1358
5105 0
0 0
817 4616
7593 0
0 0
7850 5127
4061 0
0 0
0 0
279 8785
8514 9583
5145 6564
1540 0
0 0
6419 0
9587 0
0 0
0 0
0 0
9725 7383
7141 0
8650 0
5673 6276
0 0
4426 0
4191 0
0 0
0 0
8695 0
8386 0
308 151
3202 0
4778 0
0 0
9702 1829
0 0
264 0
0 0
6800 2004
0 0
4097 0
122 5784
6895 3640
8722 0
2357 0
7045 8643
0 0
0 0
2769 5820
1558 0
0 0
1981 0
3507 0
6945 98
0 0
0 0
8465 5094
0 0
9440 0
0 0
2507 0
7454 0
0 0
4497 1456
7020 0
968 0
521 0
4626 5216
2994 3786
9152 0
0 0
1857 0
0 0
0 0
1930 7852
3069 4825
8397 1900
9286 3268
2252 0
0 0
0 0
3102 0
0 0
961 0
5125 3481
3282 0
8954 0
4443 2315
0 0
3414 8173
0 0
1892 0
131 0
864 9446
4481 0
4985 0
2766 587
342 0
8758 7826
0 0
0 0
0 0
7076 3453
611 0
3058 914
9193 7656
7570 0
6715 0
8087 0
5368 0
5484 1984
9848 5823
8516 0
6320 7988
7609 0
4122 3413
62 2449
5983 6195
707 0
4532 4287
0 0
4866 2371
446 7021
3240 8136
4771 0
6517 6200
0 0
5493 807
9068 5689
9522 0
5083 638
0 0
5327 8146
1529 7763
6421 0
5618 3855
8205 9305
0 0
0 0
8918 0
7315 0
5844 6980
3754 0
599 7358
8037 7295
4285 0
8281 3902
0 0
5299 0
9973 0
0 0
0 0
0 0
2971 2029
3374 3333
4459 2340
5136 0
0 0
263 0
0 0
4415 0
5352 0
9535 830
0 0
3157 7523
8449 0
7198 0
916 0
0 0
5252 0
9030 0
0 0
5448 0
1211 9336
383 0
4727 0
6676 7135
0 0
9433 0
5119 2390
0 0
0 0
0 0
2612 0
3916 0
4997 9076
2168 4006
4070 8506
9086 8344
0 0
3540 0
1763 0
7098 5315
0 0
0 0
9730 1880
9488 9673
0 0
7335 161
5441 0
0 0
891 0
6453 6901
5747 6537
0 0
7971 0
6954 0
4126 3483
1869 6859
0 0
0 0
7371 3624
4703 0
3763 7492
6698 2523
8068 0
7583 1002
0 0
4166 0
5025 0
0 0
9931 0
2584 0
6608 4511
5011 0
2234 0
9637 0
0 0
9020 1494
0 0
0 0
0 0
9816 0
0 0
2403 3245
4477 578
7016 8933
0 0
0 0
6253 7911
5974 92
6710 0
8752 0
5124 0
1418 8705
0 0
8581 0
2065 6090
0 0
0 0
0 0
9225 4136
6085 0
458 2837
1604 3667
0 0
0 0
5774 1166
0 0
0 0
7311 1685
1304 0
9852 8555
8890 7475
5710 1684
6857 2970
0 0
8452 8474
4040 45
225 6350
0 0
5384 7687
7088 0
9885 0
0 0
5469 8522
3286 5665
6394 0
1507 8444
5543 0
0 0
577 0
693 0
0 0
0 0
6713 0
3408 2753
5016 0
1536 590
0 0
0 0
8587 3824
7519 1146
6059 0
4628 0
6864 2153
5115 5218
9910 5799
1243 7215
0 0
3635 5584
0 0
0 0
0 0
0 0
0 0
6308 191
820 0
0 0
6532 563
0 0
0 0
7694 0
1464 0
2786 0
7849 8122
3751 0
0 0
0 0
5316 1486
3564 5438
0 0
5886 2989
543 2101
4691 3224
3467 7660
5138 0
0 0
9083 0
3307 0
5193 0
9976 0
9113 0
8246 2391
0 0
0 0
0 0
9876 0
41 2904
9620 3381
0 0
2411 2702
5495 0
2562 0
5403 5916
0 0
3820 0
1619 4962
8583 0
8304 0
0 0
6907 0
6922 0
2617 0
3445 3720
4130 0
0 0
0 0
0 0
0 0
1988 0
2724 0
8169 0
4670 0
0 0
0 0
5107 0
0 0
7070 0
0 0
7941 2177
4841 0
699 0
8376 3166
0 0
1055 9403
2819 9647
1819 6142
230 0
6801 550
6080 9148
9856 0
4677 4685
348 2589
0 0
3049 5795
5901 0
0 0
0 0
3857 7136
0 0
1515 0
0 0
3114 0
2438 0
8548 0
5092 7155
3054 5063
2216 0
0 0
7566 8764
6451 0
8192 4054
6407 9139
7032 6900
3034 0
4375 0
0 0
4581 3430
0 0
1000 0
1989 0
0 0
0 0
3073 0
7297 0
1380 0
0 0
9806 4901
0 0
9988 0
5374 7037
0 0
4614 1954
9409 0
8031 6834
422 0
8322 0
0 0
5416 7926
3242 3945
1158 6953
8432 1092
0 0
7428 0
0 0
5431 8043
1101 2818
0 0
2061 6038
0 0
7840 0
0 0
0 0
5969 1761
0 0
6607 0
0 0
8102 0
8769 5985
0 0
0 0
0 0
0 0
8309 0
0 0
0 0
5580 6772
0 0
1127 4982
4596 4554
6260 0
3219 3577
0 0
4673 0
0 0
7465 0
9546 0
9055 9572
0 0
7316 7828
5206 7947
0 0
1501 0
8400 1865
0 0
0 0
2409 0
0 0
0 0
0 0
9630 0
4031 0
5539 0
7035 0
2273 9084
0 0
2296 6787
8210 2721
1183 6518
9774 0
713 2826
3511 5350
0 0
4505 0
1771 0
0 0
2613 0
1996 2800
6525 9042
844 0
0 0
0 0
4405 8320
0 0
1697 0
59 200
0 0
9547 7635
992 0
0 0
4162 0
6312 5971
1600 6078
8118 0
5300 0
5810 0
9887 9379
0 0
2208 4647
0 0
7993 0
9891 9749
1733 0
2402 5699
5256 9909
0 0
7131 0
0 0
0 0
5736 5709
1036 0
655 0
0 0
9066 8206
0 0
8674 1552
2360 0
6622 8296
4217 0
0 0
9897 1178
0 0
0 0
2016 1748
0 0
0 0
4676 0
0 0
8161 6353
0 0
7740 164
9515 3233
0 0
7178 7469
4365 0
8125 0
1274 0
1010 0
0 0
0 0
5993 0
983 1623
5713 3060
6527 4589
0 0
4315 0
1568 0
0 0
0 0
1289 4325
2738 0
0 0
3117 4930
0 0
2100 8596
4176 9000
1557 0
0 0
8459 2527
7838 1586
8895 0
7364 4573
2376 0
0 0
0 0
8488 6835
0 0
8269 1217
8709 5875
0 0
0 0
8323 3825
4401 8056
4179 3159
0 0
0 0
1129 9495
0 0
5152 0
0 0
2185 9268
3415 2398
9280 5620
8680 0
5884 1968
9210 1046
4154 1088
9955 0
0 0
4696 0
0 0
8689 0
9212 0
3258 7273
4805 8503
0 0
6115 0
0 0
0 0
2620 0
3917 111
2882 3817
9978 7381
108 0
0 0
1180 2346
7530 0
0 0
380 0
0 0
7270 0
0 0
0 0
2007 0
0 0
4397 2717
6933 0
5759 0
5658 4528
0 0
1308 4427
0 0
4650 0
8508 0
0 0
570 2640
0 0
0 0
3894 6175
4537 0
794 5617
9752 0
2262 4280
0 0
0 0
301 1461
0 0
0 0
0 0
9372 0
2097 0
8997 0
2654 0
4205 8775
7487 0
0 0
7185 6741
0 0
9496 237
0 0
3026 0
5190 0
8448 8447
8796 6385
0 0
2040 6974
471 0
8001 0
9994 9827
0 0
0 0
3505 1073
9696 2473
4976 2020
9182 8993
5778 2696
9720 4086
3694 5911
1192 8098
2356 6795
0 0
6732 6341
4768 0
8356 0
9267 926
6747 0
1932 0
4986 2798
8195 0
0 0
1735 436
6678 0
4204 7717
77 0
8638 7163
0 0
0 0
9247 0
6257 1783
5446 0
1265 4996
8325 9893
654 7184
0 0
7503 0
426 0
0 0
1696 5009
6798 2747
5521 0
8992 0
7129 0
8025 0
6150 1809
1817 0
9447 0
0 0
0 0
4463 9576
1374 2370
0 0
8414 3586
5034 6420
5776 8347
7097 8837
0 0
9205 0
9369 9868
0 0
6904 0
9338 0
2686 0
0 0
6056 7821
36 0
8345 1202
0 0
7693 391
0 0
9901 0
8176 0
3226 0
9283 0
5579 0
0 0
0 0
6585 0
7657 0
0 0
2308 2544
6516 0
7245 0
3678 0
8003 0
7100 0
392 6929
0 0
8160 0
0 0
0 0
0 0
831 0
3660 0
4482 369
0 0
3145 0
6708 6100
1386 0
6740 5156
5137 2297
5241 8932
0 0
5291 0
0 0
0 0
0 0
0 0
6729 0
0 0
6248 0
0 0
2459 0
0 0
7709 0
6267 0
0 0
5613 5936
6503 0
9900 0
4827 0
1353 7307
6022 9438
798 7876
0 0
2597 0
0 0
1577 5900
7858 175
0 0
575 0
4281 0
5172 0
0 0
4473 3365
3167 0
6846 7290
6225 0
4410 0
0 0
6164 0
8745 7507
9223 2610
8240 0
2232 3785
0 0
7878 1655
7061 0
5638 6500
0 0
9036 1235
9251 0
0 0
3250 0
7611 9590
5275 0
3938 8175
9607 7704
0 0
0 0
0 0
6702 6565
0 0
0 0
2600 2352
0 0
0 0
6671 0
4909 0
7418 0
0 0
0 0
0 0
2618 8573
6121 0
0 0
5046 0
0 0
0 0
0 0
9905 0
9511 3350
4458 0
0 0
7397 6782
6264 5822
0 0
0 0
0 0
0 0
2084 1935
2603 0
0 0
3841 9153
3155 6116
7745 0
0 0
9192 0
0 0
0 0
4032 1632
6635 0
5392 7810
7905 8718
6840 0
0 0
9743 0
4145 0
799 0
2935 0
2238 0
0 0
0 0
6654 0
4292 1346
3027 8736
8256 5033
4351 0
0 0
8466 2105
0 0
2534 0
829 0
0 0
0 0
0 0
0 0
1081 1597
1116 0
6187 7030
0 0
0 0
1105 4733
0 0
0 0
9300 0
674 2940
3380 0
3573 0
2638 0
8041 8222
0 0
0 0
0 0
870 1524
2316 0
5201 0
4619 0
3748 2919
0 0
0 0
9621 1076
0 0
0 0
197 2921
8553 9497
7403 5817
3943 3342
2482 7701
8564 508
6810 0
2697 0
4161 5881
0 0
0 0
3153 3298
4830 0
3666 0
1155 0
4051 0
7948 0
3335 0
0 0
9202 26
485 574
5058 9776
9397 1912
0 0
0 0
6924 0
7338 2032
5811 0
5781 0
5306 0
4249 0
44 0
0 0
4757 0
0 0
8384 0
3562 0
5598 0
0 0
0 0
0 0
4272 8999
1299 4293
3550 0
0 0
0 0
6313 0
7394 0
0 0
5611 4603
0 0
0 0
4343 4099
2132 7365
9765 7750
0 0
6212 5843
0 0
0 0
8510 3714
0 0
0 0
0 0
3261 0
0 0
2690 9807
4940 0
0 0
8216 0
5088 0
3732 0
0 0
7331 0
8274 0
1172 9892
5294 0
3278 5953
0 0
0 0
2199 0
5906 0
154 0
0 0
0 0
2193 2006
5100 0
0 0
0 0
7303 0
9255 8780
1347 7651
9060 2425
2379 0
4724 9032
6605 0
7919 8000
6536 0
7268 0
0 0
0 0
0 0
75 5337
4356 0
0 0
3277 741
8518 0
6860 5305
0 0
0 0
9652 7805
0 0
8900 0
0 0
697 7200
0 0
484 0
5183 0
6774 0
9826 0
9888 0
6485 6596
3031 9012
0 0
2698 0
0 0
0 0
0 0
0 0
9991 0
8654 7181
0 0
6482 4622
8148 0
9915 1460
4776 7022
0 0
3927 444
9200 6566
8055 9625
2503 0
0 0
2956 0
9642 86
0 0
4767 0
8024 0
3531 5846
0 0
9464 4107
4585 4009
8451 542
0 0
0 0
6990 2018
2594 0
0 0
8489 523
0 0
7247 0
0 0
289 0
0 0
0 0
8883 3711
5258 1247
0 0
0 0
2644 323
0 0
1901 2704
5090 0
1016 0
8390 0
965 30
9407 0
0 0
0 0
0 0
2961 0
0 0
5375 0
5276 6745
7310 6109
5503 5499
6179 0
1746 0
6319 0
5077 0
1185 1152
0 0
158 0
0 0
0 0
8536 0
7538 0
5592 7925
9873 8424
9131 0
0 0
6932 0
0 0
0 0
8578 0
2767 1549
8266 0
2338 3433
0 0
7666 0
203 7537
7887 0
9677 0
7906 0
7623 1288
0 0
0 0
4751 1825
7093 8060
9474 842
4878 6756
9445 1926
0 0
7945 9045
0 0
7661 9636
0 0
0 0
4394 0
0 0
5558 0
7920 5924
6642 9378
6983 3429
9857 9245
3704 4847
0 0
2907 7564
0 0
6584 6499
0 0
899 0
0 0
0 0
5072 93
8881 4860
3643 3301
5000 4899
0 0
5559 0
0 0
1430 2122
2501 0
7721 1587
8226 6471
8316 7282
9810 3377
7012 1069
0 0
1277 7603
3302 9867
0 0
4569 0
3952 3228
6035 0
2536 0
4809 4264
8139 8687
388 2067
0 0
222 0
0 0
722 0
8436 8085
0 0
287 0
9350 7341
177 0
0 0
0 0
0 0
9235 2691
2462 0
0 0
386 9802
9655 1739
0 0
3348 3997
4889 2777
9980 4744
8652 0
0 0
0 0
0 0
328 0
0 0
0 0
9799 0
0 0
0 0
3154 2265
0 0
5681 1924
3833 0
3310 4981
221 4568
6224 0
1778 145
0 0
6263 9917
0 0
250 8814
4243 1875
8624 8016
0 0
2420 6553
0 0
2934 0
5418 0
9324 552
9504 3536
766 0
9132 0
0 0
5591 4760
4817 0
4924 554
0 0
3840 0
4057 0
3044 8221
6488 9106
6305 0
0 0
5533 4671
0 0
3169 7739
0 0
0 0
4539 0
8730 1450
1218 3147
4620 6008
6228 0
3448 3209
0 0
0 0
9543 5066
4662 0
8223 1946
0 0
0 0
2282 0
5789 0
3355 0
7352 0
0 0
9569 8760
274 1537
1167 0
0 0
0 0
0 0
0 0
0 0
0 0
0 0
0 0
6966 1510
7528 0
0 0
4076 8263
1979 3530
5456 0
6820 6454
0 0
3270 0
0 0
0 0
0 0
0 0
2070 8989
0 0
4604 0
0 0
0 0
411 7065
6542 7049
2198 3812
1109 0
5468 0
0 0
6391 0
3579 0
0 0
4322 6647
5497 0
0 0
4769 2114
4896 0
2666 0
0 0
6386 0
0 0
1104 0
9548 6934
0 0
1257 9837
0 0
6822 0
8869 4303
0 0
2899 6495
1209 0
0 0
9256 0
9922 7416
3076 0
9554 8714
0 0
3544 0
8610 0
6433 4193
6776 9069
7237 451
862 5682
5963 0
9833 3614
1281 6254
0 0
0 0
0 0
8648 0
8772 0
0 0
0 0
0 0
0 0
482 0
2807 0
0 0
824 4958
7291 640
0 0
0 0
4945 0
0 0
0 0
0 0
6724 0
2471 0
0 0
0 0
0 0
0 0
0 0
4418 0
2045 0
7388 0
0 0
7703 8380
7079 0
6229 2649
4300 4774
7451 6775
7792 0
0 0
9514 6557
6317 0
4575 0
7157 9717
0 0
321 0
0 0
2324 0
1447 0
4648 0
1023 4844
0 0
0 0
3264 1714
6006 7736
5450 2450
3176 4059
3934 0
954 1651
0 0
8580 0
0 0
573 9107
0 0
0 0
3498 0
2969 0
0 0
0 0
6366 0
1710 2093
5048 1754
0 0
5787 6817
4462 4882
8797 0
6882 0
2188 0
6201 0
0 0
0 0
9294 0
0 0
3849 5042
0 0
9074 3304
4270 5242
2048 0
7276 7734
991 0
5273 0
8280 0
0 0
147 0
2872 7006
0 0
0 0
371 1009
0 0
5323 0
0 0
7892 1236
0 0
0 0
0 0
3695 3528
124 0
2274 0
0 0
6586 0
0 0
3648 6950
890 8761
9736 0
104 4627
9234 0
449 3527
8057 0
130 0
0 0
1576 4939
1426 0
7806 5511
2343 2924
0 0
0 0
0 0
1171 9276
8409 5336
8574 0
2988 0
8446 0
0 0
7650 9501
8767 3011
9422 3752
9070 0
0 0
509 0
0 0
8865 5434
4495 0
7172 5391
7009 4019
0 0
4416 648
1973 6506
8704 0
0 0
7272 9253
2279 2846
5952 8606
737 0
5427 1112
6683 0
9285 1406
4557 0
3882 0
9419 5527
0 0
4548 646
0 0
9555 0
0 0
7148 316
2580 1285
5605 2009
5044 1790
4955 637
8420 0
0 0
5395 0
6292 3450
5132 0
4475 9682
2888 8234
6690 2639
6599 5726
8099 0
6069 8546
0 0
0 0
0 0
0 0
8757 804
9606 0
8926 0
1643 0
5545 0
8363 1707
0 0
1370 0
0 0
0 0
0 0
0 0
3359 0
0 0
0 0
0 0
5701 825
0 0
5602 6202
6334 0
0 0
0 0
0 0
4747 0
0 0
9870 0
0 0
5114 2474
9085 7175
0 0
0 0
0 0
0 0
8803 8658
7869 0
0 0
526 0
6588 0
3038 2616
3679 3441
0 0
7553 5794
6384 134
0 0
0 0
0 0
3510 0
8496 0
0 0
0 0
5460 2049
0 0
4081 0
6969 3529
3465 3309
2979 0
0 0
7078 0
3178 9119
217 0
0 0
4545 2327
6944 0
0 0
6883 0
7253 7115
0 0
5285 0
9386 0
1774 9936
0 0
5722 4398
8637 1893
0 0
0 0
8 7509
0 0
5148 0
7387 4593
7923 0
0 0
1937 0
3113 576
9008 0
7989 6937
9771 619
0 0
0 0
7137 0
9277 3315
7684 0
9326 5534
7808 2140
1914 0
4476 0
0 0
498 9760
4905 0
9373 0
9633 0
3420 5702
6281 0
0 0
6730 2500
6076 0
4060 0
0 0
0 0
2768 295
6762 5005
0 0
0 0
9683 475
8006 0
3263 918
0 0
2180 4653
309 0
0 0
8887 4544
2184 0
5047 8935
7208 1734
0 0
0 0
7196 9415
2663 0
6347 9135
0 0
0 0
4850 2725
6570 0
0 0
9960 8086
3642 0
9718 9772
0 0
0 0
8859 8034
0 0
0 0
393 3936
2125 8731
9709 1194
2577 0
0 0
0 0
8317 6191
0 0
6065 0
3811 0
0 0
9272 5308
0 0
3873 1940
0 0
0 0
8789 313
6492 0
1324 0
0 0
7639 0
4726 0
8980 4711
2433 0
3215 0
423 8243
3905 9564
0 0
5956 0
8833 0
7432 0
0 0
9512 4975
6363 0
6486 4430
0 0
9115 0
3775 0
5321 0
9829 8239
4710 5780
5930 0
0 0
0 0
947 4808
2776 8678
6 0
5373 0
4682 9062
0 0
5229 0
0 0
7367 2128
6140 0
0 0
3964 6258
1725 2003
9262 0
6764 0
2908 1909
0 0
0 0
0 0
0 0
7809 6896
7767 8167
1578 0
7280 863
0 0
4643 5802
7542 0
5797 0
0 0
0 0
0 0
0 0
3929 0
7204 3608
593 0
0 0
6738 1385
2079 3985
0 0
2671 0
0 0
6887 7182
9845 3886
8744 0
0 0
0 0
6939 5721
0 0
7608 9147
0 0
4651 0
0 0
5902 4131
0 0
2248 0
1889 1305
0 0
1252 0
156 1575
4028 3285
3066 0
6336 0
6633 1672
0 0
8919 0
2417 0
0 0
7672 0
3858 0
3186 0
6401 0
1561 0
4017 0
4683 0
5376 9345
0 0
6472 8082
3177 2797
0 0
3651 0
6670 8532
8264 8032
0 0
0 0
1463 2422
8963 2981
3761 2191
4306 0
3279 0
3134 1505
7943 0
2856 4994
81 0
4840 0
2816 7138
2608 0
9430 0
6825 3974
2526 0
0 0
8549 0
0 0
0 0
5081 1063
2756 2533
7259 848
4299 7062
681 2792
1863 7000
2685 9041
0 0
4454 0
3686 3696
9737 0
0 0
3746 4590
3655 0
5298 6526
8600 0
0 0
3072 0
9942 2015
0 0
9704 1782
4334 0
6352 0
9013 0
4510 0
4609 689
7225 0
1664 0
2226 0
1292 285
0 0
2176 7258
7773 0
2115 1208
0 0
8774 0
2758 0
0 0
9080 0
774 1702
0 0
8816 2299
5404 0
2802 0
0 0
0 0
0 0
7689 3671
0 0
0 0
1362 0
6373 7440
0 0
310 7166
6143 2
4056 0
6806 4642
0 0
0 0
1225 0
1679 4231
294 0
6979 0
0 0
0 0
1066 5231
8864 0
9230 7879
0 0
5473 0
4118 0
1419 6991
0 0
3713 0
1621 0
0 0
3078 4381
179 4158
7587 0
9388 0
0 0
5928 3294
2974 0
0 0
9611 0
0 0
3953 8915
0 0
4238 6106
6621 0
8824 9017
9603 0
1842 5043
6083 1039
7861 0
0 0
0 0
5760 8138
8193 0
5091 0
4045 3057
5861 0
9761 0
8715 0
0 0
3897 0
0 0
307 0
5249 0
725 3443
0 0
4213 1721
8204 9442
0 0
6091 1886
4786 4582
0 0
661 0
9122 455
6600 7219
5570 0
8367 0
7741 0
0 0
3280 0
0 0
8561 0
9609 0
2680 8333
8180 0
0 0
9224 9853
0 0
0 0
1895 0
7675 0
8218 0
9838 0
2002 0
0 0
2672 0
2917 7499
3988 4993
1579 0
5003 1276
3500 0
0 0
4858 0
0 0
9059 0
0 0
0 0
3984 0
7405 6578
0 0
0 0
9476 0
0 0
6368 5632
0 0
0 0
901 7928
4279 3293
0 0
5671 207
0 0
695 2578
3569 0
0 0
0 0
7074 0
6861 0
1717 7346
0 0
9613 0
0 0
0 0
2146 0
0 0
4549 7281
6967 9238
6837 0
3372 0
0 0
0 0
9481 0
3451 0
3126 0
0 0
0 0
8090 8617
8111 490
2055 0
2173 9391
6703 4123
63 3458
1026 5917
0 0
354 0
7052 7239
0 0
0 0
8737 5054
9306 2783
2563 1131
2531 0
3321 519
9361 3693
0 0
9344 3180
0 0
0 0
5281 6629
0 0
5202 3810
2493 2743
8854 9722
0 0
4874 0
0 0
7240 0
2871 0
8220 5728
0 0
0 0
8194 4121
0 0
986 0
1150 1531
0 0
8273 0
0 0
3471 0
0 0
9715 1220
0 0
4180 1716
4851 0
0 0
0 0
5544 6735
6829 0
4752 8620
4748 136
125 4741
7277 0
4419 2679
1368 7002
3591 7366
0 0
9292 0
0 0
6487 0
6442 0
0 0
5496 7160
0 0
2443 0
5691 0
9995 0
4310 0
4538 0
8517 2106
0 0
2437 0
8181 7442
8762 0
8953 2631
2205 0
5988 9102
89 0
8901 3981
0 0
7108 0
5130 874
3474 2259
3543 1758
0 0
5659 0
0 0
2138 0
5342 0
2674 0
0 0
0 0
0 0
989 0
6397 0
5362 5839
0 0
8209 2744
0 0
473 1769
4307 0
0 0
1279 0
0 0
6986 0
9884 0
5217 0
3668 1992
3352 0
1599 0
0 0
9317 3402
7886 0
3128 5278
6985 0
7820 4297
2410 5356
0 0
7279 9103
0 0
0 0
5290 3206
7907 8994
0 0
6807 0
0 0
9347 0
0 0
5423 2845
0 0
9586 0
0 0
0 0
7898 647
8203 0
9183 0
0 0
5807 6410
0 0
4558 1647
3628 0
2564 0
0 0
5479 0
0 0
0 0
0 0
4835 0
4580 6700
0 0
0 0
7288 3466
779 9750
7552 9425
2435 0
0 0
0 0
7652 0
0 0
2875 4108
1357 0
102 0
0 0
2461 0
6632 2303
1687 0
9184 7865
4579 7044
0 0
2436 0
9908 6371
0 0
5345 7811
0 0
9727 3323
4717 1337
157 1794
3314 990
0 0
8733 0
8659 0
6427 0
9588 0
8416 0
4173 2119
4225 1682
4284 3766
0 0
6880 0
0 0
0 0
8906 0
0 0
4042 2400
4845 3403
1859 0
0 0
0 0
649 2056
447 0
3920 6603
0 0
0 0
5790 0
6146 0
0 0
5341 0
7589 9661
3107 0
0 0
2000 0
7679 0
2359 2155
6077 806
0 0
0 0
4964 0
8187 6463
3893 0
1239 0
7073 0
3354 0
0 0
9330 0
2626 0
0 0
8321 0
0 0
7976 510
9129 6332
8439 5195
0 0
2387 1147
1480 7930
6746 0
0 0
9491 8605
6957 3375
0 0
8435 1056
6689 0
8998 0
6891 7839
0 0
4518 0
1330 0
0 0
3828 6280
4855 0
0 0
4453 5829
7516 0
0 0
0 0
4887 1474
2311 6649
2590 9368
2124 2380
5260 3989
1704 6084
400 5253
2309 7229
5200 0
9855 2120
582 0
4374 0
7471 4984
4571 0
4941 0
8046 4949
7474 8062
95 7072
7714 0
8535 4746
5654 9177
6188 9309
9989 5771
0 0
0 0
0 0
9560 3685
0 0
0 0
0 0
0 0
7921 3654
0 0
8599 0
0 0
0 0
0 0
2174 6086
9631 0
452 1237
0 0
0 0
6719 0
3400 8230
0 0
4230 0
322 1011
5582 4077
6355 0
0 0
121 0
0 0
0 0
0 0
3099 0
3091 0
216 0
2708 6617
9375 0
0 0
8029 0
8387 2706
8957 0
6137 7812
7655 3649
7873 5697
0 0
7391 4421
7174 3455
9325 0
0 0
1210 0
6230 0
0 0
8313 5099
4833 0
7668 9971
3684 0
1723 0
0 0
7669 0
0 0
4323 9176
0 0
2257 0
4261 5997
4792 7455
970 7055
7126 3292
467 4617
0 0
6338 9812
6024 4395
772 0
4875 0
6095 8388
0 0
1364 9057
5228 2304
6959 2633
6597 0
0 0
0 0
181 0
0 0
0 0
0 0
351 2998
0 0
0 0
1961 2145
9364 6474
7067 1093
1843 5488
0 0
0 0
5645 4758
910 1284
0 0
1390 3105
0 0
0 0
620 7831
7146 2378
3609 0
1730 3174
0 0
0 0
4621 4135
657 5075
1658 0
6545 5627
0 0
6103 0
0 0
0 0
4852 0
5641 0
0 0
1670 670
0 0
3462 0
0 0
4326 0
7151 0
5444 0
5998 443
1361 497
2421 2011
4523 0
4638 0
6403 72
5268 819
1811 6865
9220 0
881 0
7464 0
0 0
7843 0
7744 0
0 0
5945 754
7814 8621
0 0
5729 0
1356 1352
4336 2075
8787 0
2733 8499
0 0
5029 7560
8066 4378
9724 2098
4373 9947
0 0
394 0
4183 1383
1128 0
4755 2773
9582 7702
0 0
0 0
0 0
746 0
9406 7688
9791 0
9124 0
7420 0
2269 0
0 0
3353 2999
7134 0
0 0
4709 0
1581 8801
7525 7373
2053 3452
0 0
7803 0
4269 0
0 0
3737 0
4728 0
0 0
2946 5026
0 0
0 0
6010 2723
7591 3221
0 0
3707 0
749 2392
736 953
8437 8303
0 0
0 0
3830 5836
326 0
2693 1908
4725 4972
2532 6088
2241 7017
331 0
8142 5390
8201 2254
2317 0
0 0
4368 0
2694 0
0 0
1219 3725
3580 0
1491 0
0 0
5547 0
0 0
6960 0
0 0
6718 1713
360 738
7351 3647
6947 4919
4480 1872
3020 9817
1006 0
74 0
2510 0
9136 0
7167 1608
1945 2058
0 0
8490 0
3827 0
6984 6270
0 0
7784 644
2286 7665
6335 6467
0 0
0 0
2064 0
0 0
7173 0
8810 9540
0 0
922 8275
0 0
0 0
9701 0
4143 0
3773 0
0 0
9492 0
8114 0
0 0
6717 7314
7572 2251
6380 0
0 0
2440 0
0 0
1212 0
0 0
2451 0
6849 0
7895 0
0 0
4219 6638
4224 0
3782 2464
0 0
6382 5907
2260 7737
9028 1399
0 0
3388 6162
9882 8692
0 0
8777 6567
0 0
4152 9150
0 0
0 0
7787 9399
0 0
0 0
0 0
0 0
7113 0
4921 0
0 0
0 0
8213 7673
6388 0
0 0
7612 1879
0 0
9935 0
0 0
7978 0
5855 6899
8019 0
1692 0
0 0
7500 6354
0 0
3165 5389
1985 2736
0 0
0 0
2333 6043
0 0
9741 0
0 0
9627 336
0 0
8765 4276
9011 0
797 7857
0 0
3194 0
6742 0
6614 1855
2165 0
9127 743
4995 936
2870 5319
6552 0
8739 6530
4018 0
6963 0
3175 5749
0 0
2699 4570
0 0
4391 8822
6668 4923
0 0
0 0
9365 3122
0 0
9490 7602
0 0
5234 0
0 0
8480 3357
816 0
1215 0
6127 0
0 0
0 0
0 0
2770 201
3584 0
3087 0
0 0
7445 6300
8105 0
0 0
5481 0
19 2658
1233 7452
4632 0
6554 2024
0 0
0 0
0 0
9471 0
0 0
0 0
0 0
0 0
7378 0
0 0
8701 0
0 0
0 0
0 0
8360 6181
5883 0
2023 8609
1910 0
0 0
5178 0
42 0
7638 2235
290 0
113 215
4167 0
2162 9341
8412 0
4867 5449
0 0
9169 8361
7748 8742
0 0
5101 7621
6284 0
0 0
783 3161
4075 0
1153 0
6873 0
5716 0
0 0
0 0
1223 0
7529 0
7145 0
0 0
8191 1959
4149 7747
1168 7091
1188 6064
0 0
634 2790
0 0
7935 0
0 0
5037 2568
984 0
0 0
3887 5318
0 0
2310 0
0 0
3706 4295
9482 0
883 1041
7382 0
3968 0
8792 0
512 2959
0 0
1535 0
1657 4664
0 0
2715 7220
0 0
0 0
4591 0
0 0
8725 0
7846 0
0 0
2468 0
0 0
9923 0
0 0
5458 0
5601 0
9516 9958
4672 0
3148 0
8876 0
0 0
0 0
7193 477
5854 0
0 0
6412 0
0 0
0 0
9431 0
1976 9356
0 0
0 0
381 0
7106 267
555 0
0 0
0 0
0 0
8237 8214
2701 0
6148 1317
0 0
3479 9542
3009 6587
3203 0
1436 2985
7127 0
9494 0
2926 0
6348 0
2010 3597
3644 0
4529 0
0 0
8464 7827
556 8494
0 0
6242 2158
2285 0
118 0
4119 160
2751 1598
0 0
1605 0
3249 1836
8941 0
0 0
9478 2997
5648 0
3376 0
0 0
9792 0
0 0
0 0
7244 0
5801 2750
7318 0
0 0
9707 7610
9157 0
7450 3673
0 0
0 0
0 0
0 0
2027 8207
4117 8315
0 0
0 0
4068 0
0 0
4245 0
4501 4354
0 0
2860 5549
1943 0
143 0
0 0
7118 9615
6294 199
6538 2178
9050 1045
4214 5796
0 0
3262 0
4036 1268
677 0
2135 0
0 0
8623 0
1266 2558
7059 0
9605 0
0 0
2019 5711
3247 0
5226 2267
0 0
0 0
5348 0
3534 9044
7512 1471
2102 0
2325 0
1064 9617
0 0
4689 0
0 0
1378 0
740 1846
8575 0
0 0
7987 9913
4420 0
409 0
2742 0
0 0
5259 7344
873 0
9779 5739
0 0
8359 0
9242 0
0 0
0 0
0 0
3024 0
0 0
0 0
0 0
5933 0
0 0
0 0
6238 0
5735 4220
0 0
3440 0
6177 7321
2831 7522
0 0
6411 0
601 7790
0 0
0 0
7643 2711
4815 5581
8150 4246
4422 0
0 0
235 0
4861 4083
763 0
8017 0
0 0
0 0
7804 3924
0 0
0 0
9170 1866
0 0
385 2293
5354 0
0 0
9982 0
5857 0
0 0
6968 0
0 0
0 0
9094 6976
5984 1049
0 0
6174 0
1316 4150
0 0
37 7780
4946 7069
0 0
5168 357
0 0
2861 0
0 0
7659 0
0 0
4448 0
469 7494
0 0
60 0
3906 0
8788 88
0 0
8276 0
2932 3874
0 0
903 0
9599 0
0 0
4613 8519
2044 0
0 0
7368 0
0 0
5237 7343
0 0
3966 0
5730 0
180 5472
6760 3741
0 0
7162 7534
0 0
0 0
0 0
0 0
788 0
1913 0
2815 0
0 0
502 0
5576 7158
2276 0
0 0
0 0
0 0
2091 0
0 0
943 0
0 0
7283 7554
8471 1475
0 0
2851 0
7019 0
1506 0
0 0
6004 0
5785 0
468 3570
1132 4610
9382 0
1764 0
0 0
0 0
0 0
0 0
9623 8955
8293 0
0 0
0 0
8353 0
0 0
6073 6135
3551 9398
0 0
8103 0
0 0
0 0
6269 0
985 0
531 0
0 0
1442 3582
0 0
4159 0
0 0
6237 0
6318 0
7727 0
278 0
0 0
1013 0
8467 0
3715 231
5475 0
4952 3843
3878 0
4842 2695
1830 0
2805 7482
0 0
6779 0
3382 379
4599 0
3119 0
0 0
0 0
7770 0
758 3961
3349 3141
8426 0
0 0
0 0
3601 0
8784 0
2059 1596
0 0
735 0
6893 0
0 0
0 0
0 0
0 0
5754 0
7966 0
0 0
0 0
4046 0
9767 3366
0 0
1722 6054
0 0
0 0
584 0
3575 0
5502 9801
868 4348
3222 319
9992 0
2022 5023
6661 0
6512 9458
6539 720
6754 1541
4147 5553
1565 5280
5848 3745
9859 0
8809 0
2071 9675
0 0
956 162
0 0
8965 0
0 0
2707 7
1772 0
0 0
0 0
6190 51
3386 0
8863 0
6808 0
0 0
3623 4597
0 0
2291 0
3308 0
7539 0
0 0
9412 4456
0 0
9879 0
3244 2127
0 0
0 0
0 0
4764 0
1582 0
0 0
0 0
4098 3965
5727 0
4025 0
8407 518
3848 5211
8795 0
0 0
3407 117
0 0
0 0
7915 0
0 0
8727 0
5838 0
5870 0
9004 0
0 0
1777 4138
0 0
9975 1760
9408 1993
6273 2545
2143 805
0 0
0 0
6345 1606
0 0
0 0
5164 0
4669 0
4594 0
0 0
97 1028
0 0
6476 0
5835 0
2481 0
0 0
7793 5466
9653 6568
8862 0
0 0
8015 0
2954 0
9165 0
9896 0
0 0
1395 0
604 6093
0 0
2452 0
752 0
4521 0
0 0
9299 0
1240 8438
4120 0
0 0
0 0
0 0
850 5783
0 0
4872 0
4826 0
5004 2362
931 0
4333 0
0 0
0 0
0 0
193 572
5326 0
0 0
3196 6404
0 0
9420 0
4873 0
3861 0
0 0
2336 9314
0 0
7535 5430
0 0
6490 8995
4380 4251
0 0
0 0
0 0
4983 171
1481 0
4502 4236
4112 0
0 0
1224 4181
0 0
0 0
6214 705
0 0
6973 1149
4371 6120
2605 5918
0 0
6011 676
0 0
2339 0
4803 2739
592 0
1815 0
0 0
9301 0
0 0
5167 0
0 0
247 0
0 0
0 0
653 585
8157 813
0 0
1301 2395
889 0
8612 4414
5329 3862
698 7870
888 0
6943 0
6144 0
8694 9849
3689 0
2540 0
9261 8970
0 0
0 0
8554 0
61 0
8502 959
8940 2081
7485 0
2506 8673
8860 5975
0 0
9175 0
0 0
6982 0
2828 0
4879 2862
0 0
0 0
9570 0
8101 9302
8297 6582
1445 8708
7406 0
1955 0
6009 6989
5335 0
0 0
2428 7696
6920 7075
1340 0
0 0
5215 0
4823 3957
5400 0
0 0
1018 0
2030 0
0 0
2476 1671
0 0
7883 8799
5947 4429
0 0
384 8896
190 949
2813 636
3230 0
0 0
4250 0
597 4701
0 0
0 0
6560 0
5712 0
0 0
9480 0
9842 0
3728 2915
3556 7848
0 0
6153 9997
1397 0
987 0
5347 5614
8668 0
2673 0
0 0
0 0
4369 8576
1367 0
4146 5608
7847 5170
0 0
4973 0
7140 3291
2369 8898
546 1944
0 0
9690 3853
2977 6623
9160 6824
0 0
2192 1533
0 0
5377 3273
710 0
1232 3043
0 0
0 0
0 0
6112 0
1556 0
0 0
6781 0
9284 0
0 0
3705 0
0 0
6961 0
4577 5476
0 0
7606 7931
0 0
7353 0
7036 0
3900 4073
2784 7249
1653 0
1376 0
5687 5890
3567 0
1048 0
0 0
0 0
7532 9352
1457 0
4493 3047
3040 6988
4396 7872
2876 8305
0 0
0 0
6025 8706
3144 0
0 0
5303 2806
7005 6842
0 0
0 0
0 0
3641 4363
5526 718
2116 0
0 0
3870 1086
0 0
0 0
3921 0
5653 0
6279 6470
5532 0
2319 8857
5743 0
5814 0
0 0
7458 0
2384 0
0 0
5432 0
8891 3313
0 0
0 0
0 0
9926 0
6687 0
7089 0
7294 7901
4770 0
2757 0
1768 6468
8197 4853
2088 0
2351 1008
0 0
0 0
0 0
0 0
0 0
4865 1405
9435 2412
0 0
7842 0
4977 8049
8500 5926
0 0
5412 0
2046 0
2294 6246
6634 1952
0 0
0 0
4791 2220
0 0
3029 3948
3600 0
1248 0
0 0
185 1120
0 0
0 0
7505 5320
7833 0
0 0
9537 7699
9033 7738
3200 0
9240 776
9308 9689
0 0
0 0
0 0
9237 0
7813 0
6601 0
2810 0
8818 0
0 0
8009 5904
3111 9118
7119 3776
7216 0
1550 0
3547 0
3296 0
5014 8425
4540 0
6886 0
6498 0
5445 0
0 0
0 0
7099 4218
3503 106
0 0
0 0
6001 0
0 0
8033 0
0 0
9392 0
269 0
1999 0
9010 0
1106 4203
0 0
9822 5634
0 0
5704 0
0 0
1329 0
1396 2052
5793 6999
0 0
5440 9304
5847 793
0 0
0 0
9977 1221
8036 4565
9669 0
427 0
5426 0
0 0
3914 0
4535 9705
0 0
0 0
2431 2298
5221 0
0 0
0 0
0 0
0 0
1594 0
0 0
0 0
7161 7289
1422 8484
8842 144
3084 0
9291 0
1729 0
7027 5707
0 0
7194 1074
0 0
8682 0
4291 0
9877 1831
9686 0
632 0
6489 0
0 0
4133 0
9691 2312
0 0
0 0
6375 7671
1280 1591
1948 1516
0 0
1179 0
0 0
0 0
9239 0
0 0
1321 123
6459 6122
9354 0
0 0
631 1351
7436 0
9659 0
0 0
0 0
5538 0
8419 0
4739 0
1042 0
0 0
5718 5097
0 0
0 0
7102 0
0 0
0 0
0 0
0 0
6815 2569
0 0
0 0
0 0
337 9380
2483 0
6357 8430
7726 6507
5158 9782
4352 9161
3976 4555
2393 5189
4288 0
8550 1635
6239 0
0 0
4177 0
1440 0
5715 0
9797 0
1283 3875
4499 768
941 6337
8346 0
7380 2353
0 0
1583 3618
0 0
9723 0
6889 7463
1543 8468
7214 0
0 0
7834 0
0 0
0 0
0 0
1980 0
0 0
5964 0
4294 0
0 0
5647 7633
0 0
9820 0
1181 0
0 0
4789 0
0 0
5816 9453
0 0
0 0
9111 2763
6290 702
6502 0
2108 3788
0 0
8291 0
0 0
0 0
594 0
3422 3050
5062 103
0 0
5098 0
9064 6858
0 0
4699 7802
520 7080
0 0
6838 7227
6573 0
8657 2042
5994 0
3358 7212
9914 5943
5818 0
6768 9928
5467 0
7013 0
0 0
3869 0
478 0
0 0
734 9340
0 0
5314 6050
0 0
8402 0
0 0
9821 3876
0 0
1498 0
5207 719
0 0
6460 0
8540 0
781 0
1143 6107
4469 0
9670 8770
0 0
1572 0
5932 4134
5255 6655
0 0
6277 0
7481 7970
0 0
4838 0
0 0
4832 0
0 0
3980 0
7205 839
5343 0
5750 0
6684 2975
1108 9640
0 0
2295 0
5845 0
808 0
9109 0
5095 0
0 0
2313 5862
0 0
6124 0
306 1117
7944 6874
4240 0
8647 205
1061 8952
4598 0
402 3074
5769 0
0 0
3653 0
7444 8475
406 0
0 0
6551 2788
0 0
8584 1204
2099 9151
522 7014
2842 0
275 3789
4286 0
2237 3393
2096 4487
2043 0
3424 2270
0 0
0 0
7776 0
0 0
0 0
0 0
6051 4109
1615 0
0 0
6697 547
2987 0
9589 7912
544 0
4706 87
9674 0
4114 7983
8212 0
0 0
1344 6333
5410 4435
3615 0
1014 0
6288 8100
0 0
0 0
0 0
0 0
1512 9186
5625 3185
7855 0
5041 7932
0 0
9993 0
5133 5304
6977 0
2978 4312
0 0
9757 5498
0 0
4720 7940
0 0
4605 3486
1250 7667
0 0
0 0
0 0
8677 5032
3765 7147
8507 3613
4543 0
0 0
7819 0
3135 0
4668 0
0 0
7103 0
0 0
7441 0
3004 4096
0 0
3489 0
0 0
6669 0
0 0
5561 6377
9756 3179
3992 76
9658 0
7691 8053
5129 0
0 0
4071 4412
2821 7210
517 0
826 293
2873 3482
0 0
1298 0
3729 2249
3701 0
0 0
0 0
1806 8557
5564 4914
8740 7574
1126 5500
6339 0
0 0
3435 0
0 0
0 0
0 0
1393 3634
1752 1282
0 0
6429 0
0 0
3272 9875
298 233
0 0
0 0
0 0
0 0
0 0
7663 0
0 0
0 0
9484 0
1004 0
1107 0
4944 4916
9903 0
0 0
3036 9581
3749 2625
0 0
0 0
6058 0
0 0
687 7274
255 0
4360 0
9668 4052
0 0
5841 1355
1797 0
4235 4960
4425 0
5052 1017
0 0
0 0
4451 3928
5292 0
0 0
5413 168
0 0
0 0
2256 9881
9847 1339
433 9215
0 0
9072 5865
6221 3340
2445 9424
0 0
242 998
0 0
5370 1755
0 0
4897 7472
2825 0
2868 827
1135 6023
6182 0
1427 0
0 0
0 0
0 0
969 5398
4274 1412
0 0
223 0
1602 3398
0 0
2782 1169
0 0
4289 0
4564 0
0 0
9959 0
9941 9421
1523 0
0 0
8186 7731
856 9142
6021 3908
0 0
1620 0
4556 0
2355 3391
0 0
0 0
0 0
0 0
0 0
2349 3187
0 0
0 0
4765 0
0 0
6583 7757
2973 0
9439 6877
7379 0
7585 435
2734 5188
1342 0
4478 0
0 0
0 0
0 0
1366 8011
8342 398
3089 0
5517 5118
9598 0
0 0
5826 0
9222 0
5177 8611
1873 8177
6390 0
0 0
2598 0
5552 1189
0 0
0 0
0 0
2129 0
2955 5357
8267 549
0 0
7968 0
0 0
3700 0
8667 8530
6149 0
0 0
9622 8830
0 0
2280 2228
568 0
0 0
5175 0
3218 0
7396 6044
0 0
4268 0
8292 0
7588 0
9279 8645
9526 9264
4798 5643
6897 0
4742 7195
0 0
5639 6660
4063 0
0 0
0 0
7026 35
6639 9747
0 0
0 0
8526 0
7470 0
1870 4100
6413 7361
5262 0
4424 0
6053 4084
5541 0
2012 0
4927 0
254 5176
135 356
487 0
8938 6591
0 0
1174 6304
8258 5068
3490 3930
0 0
4341 8836
9145 0
8951 0
5035 4773
9987 0
3941 0
3281 9203
6130 6581
1610 8227
1589 454
3412 9320
4536 0
7071 2555
1762 0
0 0
3866 3239
0 0
0 0
2013 0
7955 0
0 0
9457 0
1527 0
2795 0
1363 1947
0 0
0 0
0 0
5232 5962
0 0
0 0
109 6783
0 0
0 0
0 0
0 0
7909 878
0 0
1244 0
0 0
3326 0
4837 0
2542 5732
8877 0
8868 0
5999 8199
0 0
5490 0
2591 7823
2814 0
0 0
2001 0
3497 0
0 0
3787 0
8149 0
3082 0
0 0
9596 3670
0 0
2021 116
6533 0
73 0
0 0
7686 0
4027 0
3283 9809
0 0
0 0
9448 4239
8231 0
0 0
0 0
0 0
5366 6872
0 0
6626 6171
9322 0
5888 0
0 0
0 0
5565 0
0 0
6727 645
3755 0
0 0
0 0
0 0
9713 8669
314 0
66 2278
6778 0
20 0
3801 0
0 0
3896 6996
359 858
0 0
5240 0
8905 7496
8020 0
2903 5464
7015 1781
0 0
2083 8059
2302 0
6158 0
7439 439
0 0
0 0
917 6303
0 0
0 0
7477 8064
0 0
0 0
7434 0
0 0
0 0
0 0
9795 0
9657 0
3188 4155
3473 607
0 0
0 0
3120 9437
0 0
5144 0
0 0
0 0
9168 5887
1071 362
3971 0
6556 5731
803 4390
9099 8311
0 0
5842 9616
9167 4079
7798 7243
0 0
0 0
5677 4695
8164 3621
9095 3234
9768 1320
0 0
0 0
4011 0
9692 0
0 0
0 0
6558 7399
785 0
9949 2320
8453 5245
0 0
5386 5764
0 0
3867 8808
2682 1724
0 0
8078 721
0 0
859 4328
1726 6705
8381 0
0 0
9034 4636
0 0
283 8498
4974 7766
9221 5421
0 0
0 0
79 0
0 0
8083 1878
0 0
0 0
0 0
3367 0
3734 0
9883 338
1424 3993
1070 0
0 0
7595 1661
9090 9624
4184 5909
0 0
4153 4583
3991 0
256 0
0 0
3427 0
0 0
453 0
268 0
6036 2212
1379 1409
0 0
8929 0
0 0
1230 0
6243 5940
9933 0
9984 7597
0 0
0 0
7760 0
6275 415
0 0
280 0
9466 6063
860 2552
4506 0
7497 1848
0 0
488 0
703 0
6432 0
2865 0
8893 2515
1677 0
6547 0
4978 0
0 0
7063 1821
7447 0
0 0
0 0
3779 1231
0 0
7142 0
0 0
0 0
0 0
5661 4942
9755 0
0 0
8395 0
3963 0
4216 1267
0 0
0 0
1161 2950
0 0
4936 0
3740 958
0 0
3656 0
0 0
3836 7305
6884 0
8427 5296
300 3170
7424 0
3885 0
5828 0
0 0
5954 0
906 1649
0 0
7789 0
9334 0
3683 7402
8219 7478
4991 6092
2227 5295
0 0
1812 0
8131 0
2952 0
0 0
0 0
0 0
8166 0
3303 0
1416 0
0 0
0 0
0 0
0 0
2516 4655
0 0
2535 4265
3809 0
0 0
0 0
0 0
1784 0
1326 9509
0 0
2454 0
8697 579
0 0
6994 1528
4357 0
6325 0
115 0
0 0
8457 0
6400 2583
4372 0
0 0
0 0
8920 0
0 0
0 0
5921 0
0 0
5633 0
8983 0
7700 4777
0 0
2233 0
0 0
7995 0
0 0
0 0
0 0
0 0
3480 1853
85 0
0 0
0 0
0 0
0 0
0 0
0 0
2034 14
3132 0
7357 1177
3687 0
0 0
0 0
7546 2902
1738 0
0 0
5748 0
0 0
2646 0
0 0
3211 0
0 0
1965 9395
2382 7579
0 0
9499 5287
0 0
7746 0
0 0
3256 8806
0 0
0 0
4781 8392
0 0
1827 1453
5815 0
9939 7435
723 0
0 0
0 0
0 0
6439 0
0 0
6381 2330
0 0
0 0
7781 0
0 0
1043 0
4471 2253
0 0
1095 2622
0 0
9204 9944
196 9531
410 0
0 0
930 0
0 0
0 0
1359 0
0 0
3142 0
0 0
0 0
9318 1741
4450 0
9832 748
4064 0
8966 0
0 0
0 0
2635 0
1059 9825
0 0
1484 1680
7598 0
9967 343
9208 7317
8679 3491
183 0
0 0
0 0
2144 0
8779 9519
0 0
0 0
0 0
418 0
9770 8717
0 0
8469 7749
1659 0
0 0
1688 34
7121 0
5927 0
9451 6804
1931 450
9759 0
0 0
0 0
6157 0
904 0
358 5265
0 0
0 0
5961 3297
0 0
0 0
0 0
8429 1030
0 0
5414 1864
0 0
691 6395
9159 0
2224 0
1850 438
0 0
7640 814
8261 3361
669 6297
0 0
0 0
642 3232
4067 4629
694 4024
9662 9902
0 0
2479 6376
1345 0
0 0
4301 8288
0 0
9061 3236
8511 0
3501 0
0 0
0 0
5626 0
2118 0
7375 2478
0 0
0 0
0 0
9348 0
7242 0
0 0
897 0
3220 950
8330 7164
0 0
4702 6055
291 0
4526 5459
7203 0
875 1678
8634 0
3254 1915
0 0
6356 0
622 0
0 0
5166 668
0 0
3959 6019
0 0
1906 0
0 0
9608 4007
0 0
0 0
0 0
1545 0
5873 0
0 0
8120 6136
4890 0
0 0
6881 0
0 0
3041 0
0 0
0 0
6723 0
0 0
4148 0
8334 3317
8588 1198
3987 2388
1077 0
0 0
9846 2923
9811 0
3204 0
2413 0
0 0
3469 4824
0 0
1840 0
8254 0
3587 2528
9315 1360
0 0
4160 0
4113 0
1923 0
0 0
5872 0
0 0
9918 0
8279 9813
0 0
0 0
898 0
4175 0
6819 0
9311 0
0 0
5724 0
6812 0
3838 0
6850 0
0 0
0 0
0 0
0 0
0 0
8846 0
939 0
3316 0
2576 4440
0 0
2504 0
2765 0
0 0
5205 0
7107 2225
8075 1743
4678 0
4441 0
6755 1555
0 0
3806 0
0 0
0 0
6226 8962
0 0
927 0
0 0
9371 0
0 0
3100 0
9021 0
7462 7600
4895 412
0 0
4000 9786
8271 0
0 0
0 0
1068 0
7859 0
0 0
4498 0
8990 3255
0 0
0 0
9629 96
5264 4641
8949 0
4350 5367
4684 129
6180 3767
0 0
2133 0
5706 1165
0 0
3193 0
851 0
0 0
4615 1745
610 7954
6752 0
0 0
7176 9646
0 0
0 0
5708 767
0 0
0 0
0 0
5461 4753
2941 6951
0 0
0 0
5310 5203
0 0
0 0
7370 0
3526 0
0 0
7511 0
6026 0
1928 0
7201 0
1998 0
7159 729
810 0
0 0
6993 0
9626 5819
8445 5199
0 0
7832 0
0 0
0 0
4467 1835
4992 0
0 0
0 0
5837 8802
0 0
0 0
0 0
153 0
3590 0
0 0
6728 0
0 0
2722 5973
9313 0
0 0
0 0
9335 3085
757 5610
0 0
1256 0
1538 0
0 0
962 1675
1425 6117
0 0
2560 3595
8577 0
5528 0
4309 0
0 0
2900 5600
7562 3295
8544 9075
7480 0
9824 2713
6447 1941
6469 0
8027 0
0 0
4254 0
775 0
8734 9394
7410 0
4344 3421
8509 0
1097 7025
8358 0
9104 0
2993 0
9293 0
0 0
6168 0
1438 5474
6178 2104
1050 1708
2565 355
2512 0
0 0
4342 7630
7385 8463
630 0
5574 0
9185 0
4517 923
4413 0
0 0
7578 3888
8778 728
8248 0
0 0
3456 0
0 0
5297 2881
7569 0
5636 0
0 0
0 0
4721 0
5220 7083
9818 0
3585 3889
4472 541
6802 1890
0 0
1548 0
8073 9863
0 0
0 0
5652 739
0 0
0 0
4156 0
7719 2909
1415 0
0 0
265 0
7191 7751
0 0
4339 0
1428 4258
3003 0
3770 2529
0 0
6962 0
1173 0
5187 0
4029 252
6555 479
7326 4437
0 0
1566 5102
4712 3257
9091 8988
2609 0
0 0
2025 3950
4457 0
8236 4693
5455 0
6256 4687
1091 1469
0 0
0 0
511 1938
0 0
0 0
3554 0
3890 0
0 0
0 0
0 0
0 0
1295 1514
1309 4041
6452 0
8985 4349
0 0
470 4296
0 0
9432 0
0 0
0 0
1925 7641
7550 1799
0 0
3506 0
4843 0
6235 6079
8035 0
0 0
6075 0
4730 0
0 0
0 0
8882 1630
0 0
0 0
397 0
651 0
2541 0
1449 0
9209 0
0 0
0 0
4989 0
8813 5560
0 0
9932 4508
6981 0
0 0
5182 6057
0 0
6231 5079
0 0
6925 3913
0 0
2953 0
0 0
0 0
0 0
9972 0
8318 972
0 0
5301 832
0 0
0 0
6213 2465
4509 0
65 0
9426 4740
3757 1142
0 0
9196 0
0 0
5429 0
6535 5313
0 0
2152 0
0 0
4686 0
5537 507
4922 0
6435 390
3545 0
0 0
5914 0
0 0
0 0
8655 0
0 0
1525 1700
0 0
8007 9250
6695 6701
4761 580
4215 0
0 0
5522 0
0 0
9831 0
9323 0
0 0
1618 0
6658 0
9948 0
0 0
0 0
0 0
828 8572
5419 1490
0 0
3198 0
0 0
7125 0
0 0
9777 0
8306 0
2194 0
7483 0
4232 0
6131 3406
2288 2217
3566 0
374 2913
7286 0
0 0
4708 0
0 0
0 0
0 0
101 0
0 0
4723 5757
0 0
5282 0
0 0
7582 8486
4920 317
2005 0
0 0
0 0
4934 0
7150 148
0 0
4089 2759
4633 5307
5525 0
0 0
1810 3504
0 0
8123 0
7563 0
1054 0
2893 2834
770 0
6496 0
9746 0
3463 6550
7486 0
9676 0
2275 9218
2812 1413
0 0
2213 7101
6737 0
0 0
0 0
1350 3426
6666 0
3998 0
1683 6068
5387 0
0 0
8909 7263
3173 4290
2925 0
0 0
9288 2729
0 0
7825 8126
3001 4030
2575 0
0 0
9650 0
0 0
2579 5452
614 821
6405 0
3726 0
428 8961
997 0
7782 0
4888 4466
0 0
4092 5719
0 0
7755 9530
0 0
2326 1335
3276 2839
0 0
5766 0
0 0
0 0
1125 4491
0 0
0 0
6913 0
5396 6094
6183 7354
8685 0
9252 0
0 0
3017 3847
0 0
3182 7209
2990 7393
0 0
0 0
0 0
4863 8406
4488 7046
3472 0
7676 0
4935 2210
6758 4003
0 0
9462 1459
0 0
623 6832
6218 0
2366 9079
4522 7003
0 0
0 0
7228 0
3014 9163
3604 3568
5049 0
818 0
9597 0
5571 0
4732 0
0 0
1654 9141
2186 0
1015 0
2263 1787
5588 0
0 0
2505 0
6946 0
2822 0
0 0
5439 0
1601 8747
2522 0
3052 4137
9461 0
8590 0
765 0
5494 0
4531 6616
8656 0
913 0
0 0
5989 0
8515 0
0 0
1720 5594
6101 3336
8618 0
0 0
5407 0
8632 6942
0 0
1689 0
0 0
733 0
5462 1005
2069 2202
5912 7735
2827 3856
0 0
1951 1160
3946 0
3837 0
0 0
5980 7634
0 0
8112 0
6444 4431
0 0
5482 0
727 6141
6012 1085
0 0
4902 0
5788 0
6733 6176
1038 0
9073 0
49 0
0 0
0 0
0 0
9367 0
2547 1031
0 0
5002 0
621 9645
0 0
2394 0
4043 994
0 0
0 0
921 0
0 0
0 0
4849 0
0 0
432 6416
4915 8735
912 6998
9486 5700
1622 801
0 0
8369 0
0 0
8257 0
7994 0
2595 0
7867 600
9483 0
3019 0
9990 0
0 0
6326 9404
1437 9808
924 0
9999 0
9207 0
7467 7057
3168 0
1867 0
2271 0
1656 5408
0 0
8168 6699
2159 9475
5832 0
5894 0
5470 0
4026 0
0 0
8525 4207
8110 1487
0 0
5577 0
3698 0
0 0
9189 2581
0 0
1196 0
3360 4486
6216 3184
9351 8080
0 0
5939 0
9164 3979
2242 0
5657 3151
4788 0
5765 8663
5064 9056
8603 2962
6771 3645
0 0
2136 0
2675 0
0 0
5149 0
2641 0
2678 100
4542 4129
99 0
5267 167
5506 919
6456 1975
0 0
0 0
3324 1278
0 0
0 0
8942 0
0 0
0 0
0 0
9387 8559
2735 0
0 0
8595 0
9274 0
0 0
0 0
3344 5990
2573 4567
0 0
0 0
2337 1744
8910 4404
0 0
0 0
1509 0
3164 0
4762 396
0 0
5317 0
7938 9899
0 0
0 0
0 0
4223 0
5022 0
7607 8651
3470 0
8106 0
1862 1094
0 0
492 0
0 0
6473 0
1022 0
0 0
6712 3125
0 0
7558 5248
0 0
0 0
0 0
0 0
7001 0
7369 0
208 9087
1021 0
0 0
0 0
0 0
4320 7723
9951 662
3598 0
9860 0
8743 0
8798 837
3523 0
1394 5800
4602 0
3892 0
4182 0
4681 6455
5972 4432
7561 0
2448 0
55 303
0 0
0 0
0 0
8184 0
1314 759
7206 0
1881 9411
0 0
5863 2396
4735 0
0 0
8571 0
0 0
1203 0
0 0
7517 6522
5332 8039
5692 0
302 0
3156 0
8132 0
0 0
1300 4004
1641 0
0 0
0 0
4911 7188
8676 0
0 0
3657 8696
3513 0
9081 0
0 0
6461 0
4316 0
4346 0
624 3926
4956 8259
3092 7795
0 0
0 0
0 0
0 0
0 0
8357 0
0 0
7778 9521
4763 0
4630 4233
0 0
0 0
6389 9123
2229 272
4959 0
4132 0
8355 0
0 0
0 0
6797 0
9934 0
690 4595
7192 945
8943 3616
0 0
8786 0
0 0
2502 7325
2038 0
3718 0
8604 0
8721 5666
0 0
0 0
0 0
4503 0
0 0
6870 2239
1844 0
0 0
0 0
472 0
9667 3030
9454 0
0 0
5662 2586
2779 0
1646 3818
4560 341
0 0
5501 0
8038 2170
1921 0
8917 0
9413 1977
2508 5698
0 0
4442 2863
4262 0
377 3032
0 0
5987 8973
6734 1609
6013 0
6519 2829
0 0
1918 9890
2277 0
2161 2995
2467 0
9556 4957
0 0
0 0
935 5340
1137 0
8096 0
2306 7256
7764 0
0 0
1838 0
296 5214
0 0
7408 0
7262 9644
742 7874
3578 0
2300 0
0 0
6602 0
8971 0
0 0
9953 2548
0 0
5568 0
2789 0
1044 0
6948 9766
0 0
5607 0
1828 0
6744 2910
9839 9638
6372 1995
0 0
0 0
0 0
0 0
0 0
0 0
0 0
8551 0
2488 6111
0 0
7308 0
1341 0
456 0
6173 0
5931 0
2944 0
5882 1391
2033 0
9226 0
2497 5524
8143 6630
9156 3385
0 0
5036 112
40 0
0 0
8235 7548
3596 2566
70 0
0 0
4452 0
8870 9500
9687 1905
980 5154
0 0
2290 0
142 83
0 0
9231 0
7977 0
6575 1
0 0
0 0
684 2175
7540 0
0 0
1348 4093
0 0
9110 0
8394 0
8959 2525
0 0
0 0
6223 3362
9155 7404
7386 2307
7266 0
0 0
2166 0
613 0
7466 7264
6358 5406
0 0
0 0
0 0
5934 3495
4800 0
2323 2164
0 0
0 0
0 0
3520 9015
3821 0
6197 0
0 0
0 0
7952 0
0 0
7132 0
2399 0
0 0
1435 7488
9487 4652
0 0
2866 5536
0 0
4938 1206
2171 7040
0 0
0 0
8154 9310
7697 0
0 0
9505 0
9198 6594
1949 0
6571 5751
5946 0
3524 8418
0 0
2607 0
1035 0
3045 0
2060 6852
1441 0
6081 0
0 0
6936 0
4525 9568
6836 0
7425 0
0 0
5274 4646
8924 0
0 0
1560 5239
8155 1851
0 0
6343 6033
1884 0
209 0
6323 0
7662 6314
3826 0
0 0
284 0
0 0
4913 5236
0 0
0 0
2258 0
0 0
0 0
5230 6736
6443 0
1573 0
372 0
0 0
9773 0
1067 0
9303 0
6327 4345
704 0
7625 0
0 0
4674 0
6480 0
7946 6636
7254 0
0 0
9851 4082
9187 3431
0 0
9031 0
3844 0
8768 353
0 0
3633 9898
7504 8748
3557 0
4675 2811
0 0
7199 0
0 0
682 1444
6203 5180
4282 0
566 0
6138 5786
4255 0
0 0
0 0
0 0
5443 8967
854 0
2347 7992
462 1401
6450 8071
0 0
596 0
0 0
0 0
0 0
8481 0
2570 7680
8159 8683
7520 8823
0 0
2318 0
3447 7752
6809 2089
6393 1612
802 163
0 0
0 0
7918 0
4242 0
4168 6417
0 0
8615 0
0 0
5798 4
1121 0
1332 0
6965 1816
9125 0
3238 0
4127 2849
6559 4954
5827 0
0 0
4928 1963
0 0
7868 0
4813 0
2588 6398
0 0
1242 0
7122 9539
9346 1551
6066 9562
1570 5324
395 0
500 591
0 0
0 0
9343 7048
1668 2931
0 0
7050 0
1333 4688
0 0
2593 0
0 0
7646 0
5085 7567
4698 0
6972 0
0 0
0 0
0 0
0 0
4515 4884
9956 0
1411 0
8521 0
4772 6441
0 0
6071 0
1823 0
9950 1625
9158 0
2111 0
2670 9199
1269 0
0 0
0 0
937 7894
6286 966
4355 4319
4906 0
4697 0
9970 0
0 0
0 0
2182 0
6272 0
1544 0
1060 5856
4085 0
0 0
0 0
0 0
9016 0
6843 0
0 0
0 0
6367 6331
0 0
716 0
0 0
8022 4311
9307 0
9721 0
4069 3677
6606 0
6145 0
2149 7724
3476 0
0 0
0 0
1479 0
8867 2896
0 0
4512 2660
679 4128
2992 0
3061 0
2419 9243
4439 9082
9742 53
4541 7333
7252 0
4692 0
0 0
2453 0
9410 4551
9383 2657
4766 0
3794 0
0 0
0 0
2080 0
1936 6709
3379 7830
5557 0
6867 0
0 0
5951 0
3918 0
886 0
239 7524
8352 5621
5775 0
2094 0
3487 0
929 0
9632 0
7653 0
0 0
5696 0
8776 9456
0 0
0 0
110 2596
7934 9295
5920 6928
9333 0
5809 0
0 0
2840 3127
0 0
0 0
9880 8327
0 0
0 0
0 0
0 0
0 0
8885 3311
0 0
8189 0
504 0
5394 0
2072 0
5519 8042
1122 0
0 0
0 0
4754 0
1200 0
4576 6505
0 0
9517 3829
8817 0
1090 0
7799 0
1896 0
8314 0
3872 7183
0 0
0 0
6909 8629
0 0
0 0
7999 9510
0 0
1186 0
5965 0
4172 0
0 0
0 0
1382 5309
0 0
8664 0
6523 0
1690 0
6497 0
9823 0
2879 0
9729 2854
0 0
5150 107
6156 0
9133 0
0 0
2809 5572
4891 0
5849 6577
0 0
2404 3738
0 0
3328 0
9331 0
8984 2329
8134 0
730 7342
0 0
2714 7501
7997 0
1648 0
4038 0
5181 3290
1818 8063
9385 2154
0 0
7426 0
0 0
2305 0
0 0
8153 0
2636 0
0 0
0 0
0 0
7041 1138
320 0
403 1631
0 0
8372 0
0 0
3717 0
0 0
0 0
5284 3731
0 0
2484 2746
5311 0
6769 1100
5349 6590
2113 0
5453 0
2628 0
0 0
4101 0
2078 165
5080 0
0 0
0 0
9173 0
0 0
0 0
0 0
6274 0
0 0
0 0
9477 0
2799 0
1113 0
1508 0
1354 0
8843 5208
9093 1897
7411 1407
7234 4533
0 0
1899 6759
9946 5555
0 0
9096 8002
4102 0
7871 0
7275 0
1749 1369
2039 9733
3345 866
6134 0
0 0
8978 0
0 0
2372 8077
589 9227
902 5417
0 0
3972 0
0 0
4857 0
5512 0
3012 0
8044 0
5288 9843
1792 0
3962 8312
629 0
7156 1187
0 0
9254 1118
7236 0
2219 0
0 0
5824 0
0 0
7705 1737
0 0
0 0
7596 0
0 0
6785 0
8249 8147
47 4618
0 0
0 0
1448 0
7743 0
3672 1585
8108 8713
0 0
7233 1492
0 0
2334 0
0 0
0 0
430 0
7337 3
852 0
8202 186
8423 0
3736 3558
0 0
6462 0
4812 0
5353 617
187 0
0 0
6438 1466
0 0
4383 0
0 0
2345 0
0 0
0 0
7431 0
364 350
7095 4438
9319 2857
8278 0
0 0
9580 9071
0 0
2498 6665
6003 8897
0 0
2601 2939
0 0
442 6604
0 0
0 0
3275 0
3611 0
0 0
9355 0
2664 219
0 0
6645 3759
0 0
9468 3243
3331 5111
2667 7685
3053 9258
0 0
2835 0
0 0
1547 0
0 0
6129 4302
3658 0
0 0
214 0
9362 9584
0 0
0 0
3602 0
0 0
0 0
3846 0
1824 955
499 0
8835 0
0 0
0 0
1032 3977
0 0
5123 0
7536 0
1343 1477
0 0
7413 5106
5535 7881
0 0
0 0
6189 5131
340 0
0 0
0 0
0 0
5650 0
0 0
0 0
3248 9328
0 0
493 8947
5339 6625
0 0
4635 0
0 0
0 0
0 0
2082 5609
8289 0
6062 0
8092 7980
8616 0
3697 0
3037 9937
5122 0
0 0
424 7916
9753 0
0 0
4170 849
605 2109
1287 8505
2363 0
0 0
2731 0
0 0
0 0
6185 0
0 0
4707 8382
6916 8793
8892 3813
0 0
0 0
4379 6328
4406 0
907 4389
6415 0
0 0
1312 0
9518 4634
0 0
373 3676
8534 0
3195 8628
3973 0
6749 0
3571 1801
3636 9850
3516 9775
0 0
5024 0
2817 9357
1719 4722
0 0
1372 0
417 2062
7964 5879
529 0
0 0
6151 6921
7453 0
0 0
0 0
4267 8653
3000 3478
0 0
0 0
540 9489
0 0
1238 2426
9612 4898
9130 1832
2740 0
7124 5487
6869 0
6072 1785
6902 0
0 0
4434 0
6529 0
0 0
0 0
0 0
9693 0
0 0
8627 6964
1904 9643
7888 0
4033 1617
1273 0
7004 8829
9968 4110
1205 6028
8805 4198
16 5664
3792 0
0 0
0 0
0 0
2669 0
1929 0
3548 0
2063 895
0 0
0 0
8888 0
9429 0
3995 9002
0 0
7423 2712
879 0
7104 0
2246 0
609 0
9089 0
0 0
0 0
6509 257
8337 0
9035 0
8613 0
0 0
9619 6298
0 0
2855 0
0 0
678 346
0 0
0 0
4780 6970
4174 7889
2447 6449
9029 3970
3542 8233
0 0
4563 0
3559 0
8097 0
5021 9654
0 0
2014 1089
0 0
8224 7753
5923 0
0 0
2762 2652
9916 0
0 0
1110 2112
6975 0
9100 6663
6827 0
8975 2244
4221 2677
7170 0
7085 7231
5960 0
0 0
1472 4327
5411 0
0 0
6046 0
6534 0
0 0
0 0
960 0
4209 0
0 0
0 0
8443 0
0 0
0 0
3442 0
0 0
8686 2358
3903 0
2960 9121
0 0
3771 5378
476 3130
0 0
8440 0
4304 4750
0 0
6613 0
0 0
1669 0
796 0
571 0
9232 29
6789 5173
9527 3189
0 0
7241 7363
4331 8712
5991 0
0 0
0 0
7010 6777
4200 5935
2958 5615
3016 4400
5603 8841
0 0
0 0
2137 0
0 0
8343 8566
3895 6615
150 0
0 0
1193 0
0 0
4729 0
5808 0
3468 8594
6165 3389
9983 0
0 0
7565 0
4831 4961
1497 2920
0 0
1307 7427
780 0
0 0
0 0
0 0
4592 3692
7756 0
8811 0
9217 0
3062 675
0 0
0 0
0 0
0 0
4125 0
8858 1868
5486 1962
0 0
2885 6457
3055 3795
0 0
0 0
9614 3493
6905 0
7728 0
9871 9269
0 0
7068 1327
5008 2487
6236 6753
0 0
0 0
0 0
5755 0
7575 4553
0 0
551 6283
6711 0
3332 0
5074 853
0 0
5695 1891
1037 1489
0 0
0 0
0 0
8225 559
0 0
155 8807
3899 8117
0 0
3201 2752
0 0
0 0
0 0
1228 0
3744 4447
0 0
506 2231
0 0
0 0
3750 6018
0 0
1499 8028
4124 0
6399 6266
1808 7053
5948 905
3877 0
0 0
3459 6422
8838 8979
3719 0
6194 8874
6252 0
0 0
1804 3879
3508 8052
8295 709
0 0
9006 0
1691 9506
0 0
7708 0
0 0
3710 0
4484 0
0 0
0 0
0 0
0 0
2720 6309
5055 32
6209 7829
0 0
0 0
0 0
7171 3880
3949 2183
3199 9195
564 7349
1534 0
0 0
0 0
809 4637
1522 2047
0 0
9376 8365
0 0
0 0
8255 0
8853 0
7224 4021
8956 0
6707 3432
1226 0
1580 6521
0 0
1133 8591
3969 7903
2653 0
2615 5737
6792 0
2181 7123
0 0
0 0
0 0
0 0
0 0
0 0
3617 598
3439 119
2086 8341
2368 0
1452 0
1607 4816
9063 0
0 0
0 0
9138 3935
8996 3723
6952 0
5263 0
1130 9007
206 692
1652 8529
9921 5596
4713 0
4362 3434
5768 0
3197 660
2189 0
2206 2423
9787 8188
0 0
4810 0
4779 0
0 0
1302 0
0 0
9024 0
0 0
0 0
2621 0
4014 0
9924 8133
7390 0
9023 0
6163 0
0 0
7491 6291
0 0
8977 0
1518 0
6501 0
2599 0
5585 9216
3183 9116
0 0
4192 915
8145 2830
7899 0
612 5763
0 0
5272 0
0 0
0 0
3709 9573
3065 6868
1706 0
474 0
5157 4948
0 0
7902 6704
1047 0
0 0
4907 0
8512 1765
1939 0
3223 3425
0 0
1241 5437
0 0
8644 9919
4002 2008
8413 2215
1483 4074
5096 0
0 0
0 0
894 0
0 0
0 0
21 5546
0 0
8960 0
5015 0
0 0
527 1462
6031 0
7568 553
3347 0
9719 0
234 0
3137 8048
6839 1766
4308 0
7614 0
0 0
6844 5840
835 0
872 2381
3910 2214
9906 368
0 0
1062 0
0 0
3593 6359
5756 0
975 0
80 5867
557 9472
327 0
673 0
6914 0
0 0
0 0
4586 2655
7973 0
0 0
9101 0
6087 2549
6378 0
2485 5937
8563 0
192 0
7389 6484
8308 5897
7018 8260
0 0
420 0
0 0
0 0
0 0
0 0
9844 243
9233 0
4625 0
4305 5480
3538 0
0 0
6133 9534
0 0
3839 0
5899 0
0 0
1957 1293
2901 0
8332 2853
54 0
4465 0
5397 0
2361 7376
0 0
0 0
2321 0
5191 973
189 0
6646 0
2928 6040
6855 9894
8626 9493
8300 0
9541 0
5142 6862
7929 0
8182 0
0 0
7706 750
139 3802
8899 7056
2843 9680
2490 0
5019 0
9828 745
5510 0
0 0
1539 3919
6831 0
4795 0
0 0
4736 0
0 0
7506 6610
3103 7816
3305 0
0 0
489 1029
0 0
515 3464
5891 8047
6249 3104
2996 0
4433 8135
7984 7692
4822 0
6458 0
0 0
0 0
3871 2911
867 4423
0 0
0 0
0 0
7498 6853
4836 0
7779 0
4967 0
3796 0
5966 0
5929 9940
210 0
9841 0
0 0
6692 2745
7670 1776
857 3622
5089 0
0 0
9762 0
0 0
0 0
0 0
7862 4507
1275 1590
3260 0
5674 0
8121 1967
9969 625
534 0
0 0
7644 0
25 0
1553 0
0 0
0 0
0 0
9778 0
1674 4206
0 0
4821 0
0 0
5140 6765
8902 4530
2434 1262
7433 0
4943 0
0 0
7008 7822
7527 0
784 0
3436 5562
9507 0
0 0
8602 0
0 0
0 0
0 0
1410 0
3514 0
457 4266
7637 0
0 0
2077 3337
1154 5381
1813 0
0 0
0 0
0 0
0 0
4659 0
8492 9895
9088 602
0 0
1482 3739
4804 0
3947 8404
3860 9206
7962 6466
2561 0
4210 2737
8923 1916
4485 5271
0 0
9048 2968
0 0
0 0
1520 5184
4756 9874
0 0
8200 0
5734 0
957 0
39 2918
9925 0
8051 2073
1834 0
3955 7298
0 0
2141 4893
0 0
3798 1306
329 0
7265 8820
6672 8782
0 0
0 0
2869 8491
0 0
3708 8710
0 0
8109 1756
1841 7545
4704 0
0 0
0 0
9181 0
8377 0
33 0
1349 0
6232 8091
9339 0
583 0
0 0
0 0
0 0
0 0
4387 0
0 0
0 0
0 0
253 885
0 0
5013 1693
1770 8675
0 0
1201 1182
8473 1676
0 0
7615 0
249 0
9557 0
6866 0
1950 5478
0 0
3931 0
0 0
8531 0
8660 9332
1027 8179
0 0
882 0
0 0
8183 8921
3925 4012
1705 2405
1096 0
3121 2537
1387 0
822 3494
0 0
7939 7038
2898 0
3581 7518
9706 0
5018 6811
8018 6307
9051 5447
0 0
0 0
714 0
1503 9672
876 6396
2068 8368
0 0
0 0
0 0
4163 0
6856 0
0 0
8927 0
0 0
1431 3626
3675 0
0 0
0 0
2964 0
2509 0
0 0
3783 1640
9434 0
3674 0
9945 3387
6528 3555
3320 2386
8542 4023
0 0
4050 152
4793 6211
0 0
8476 6306
1732 0
1318 845
0 0
1336 3603
8631 0
8478 0
0 0
760 1644
8844 0
4839 8421
9241 0
0 0
8215 877
751 1175
7628 9366
0 0
0 0
1800 4078
2986 1260
7541 0
9549 2833
2415 0
2130 608
0 0
5667 0
0 0
8831 0
0 0
0 0
2785 3563
2748 4885
530 2764
0 0
0 0
8252 7033
0 0
2824 2167
8871 0
0 0
6540 0
0 0
0 0
4237 2906
0 0
9862 6686
0 0
0 0
0 0
6513 1971
565 7774
6491 2859
2066 0
633 3035
0 0
0 0
8084 0
7398 0
8889 5333
5415 2292
271 0
3266 0
6548 4785
9979 0
2718 6816
9684 0
8378 7489
8310 0
0 0
2247 7624
0 0
8129 9053
0 0
0 0
0 0
3163 2892
3863 2090
795 9194
9134 548
0 0
7896 0
0 0
0 0
4700 9191
8579 0
6788 0
946 0
0 0
0 0
0 0
0 0
0 0
0 0
1025 0
2074 9197
0 0
334 10
0 0
8115 184
2489 3251
7235 2418
3341 0
0 0
0 0
0 0
5869 0
3131 0
4358 0
7791 0
3002 1034
982 0
0 0
0 0
9467 0
9263 0
9708 0
0 0
3822 0
6047 4034
0 0
9001 6918
0 0
3318 0
0 0
0 0
270 7768
6465 8766
0 0
7576 0
9479 0
2948 0
8832 1303
0 0
0 0
1458 0
0 0
7733 0
8299 0
0 0
0 0
666 8560
3231 9405
3565 0
7769 0
0 0
7350 0
0 0
2147 0
4091 7029
4665 0
0 0
3025 0
2894 9648
8504 0
9712 5212
4197 0
0 0
0 0
0 0
1197 0
5051 2936
9943 1660
5070 0
0 0
5108 0
2092 9450
0 0
0 0
0 0
1195 6048
0 0
6039 0
5050 0
9758 0
0 0
1290 1780
0 0
3576 996
198 0
9579 4186
0 0
304 6020
5198 0
6365 6278
0 0
1139 3086
0 0
6114 7430
6576 0
8928 3631
0 0
0 0
0 0
0 0
9414 3417
5523 6908
7476 3881
1084 0
5238 0
4188 38
2587 0
0 0
652 9533
6879 1666
4806 5531
4226 0
3605 0
5831 8030
0 0
0 0
6662 0
0 0
0 0
9503 4979
7837 8013
0 0
7618 0
2606 1098
8156 0
7958 69
8458 2848
8265 3068
5027 0
0 0
0 0
0 0
5293 0
213 4900
9954 0
1249 0
0 0
2240 0
0 0
9656 8800
0 0
0 0
700 0
8454 7950
0 0
4864 0
7058 0
0 0
7981 3143
9785 0
9058 7130
2572 9092
2148 1922
0 0
8088 0
1805 0
0 0
3172 3300
5076 0
4737 5583
5694 1814
4658 3650
365 0
8726 0
0 0
2150 7415
0 0
9551 0
5270 7117
8925 1473
0 0
3418 8873
3661 1882
6159 0
1933 361
0 0
2749 1807
7985 9287
0 0
0 0
0 0
9836 0
4194 3807
8903 7531
0 0
9678 4640
7306 0
0 0
6247 1997
9470 0
1593 4947
0 0
0 0
5688 0
0 0
3033 0
4189 0
0 0
4999 0
9038 0
0 0
0 0
3610 0
5171 701
2230 7629
8904 3712
3115 0
0 0
0 0
0 0
9794 2938
6315 840
1994 105
8228 0
0 0
0 0
8562 4185
0 0
4715 0
4559 0
8074 0
2328 0
2676 586
4444 0
7330 0
0 0
2496 0
6364 0
0 0
0 0
3146 9790
9353 8945
1574 2796
0 0
43 1718
5942 0
0 0
0 0
0 0
9049 5483
0 0
6561 0
0 0
5162 0
0 0
2221 0
9149 1888
1701 9952
6387 0
933 0
6791 7632
9550 0
4749 0
5520 0
0 0
9390 0
0 0
0 0
9112 4106
6794 0
3051 9188
2035 6406
2054 0
6217 466
0 0
344 0
5895 149
0 0
0 0
3096 6329
8681 0
4008 5995
6890 0
0 0
0 0
3152 8729
0 0
0 0
0 0
9996 0
1145 6030
0 0
0 0
1159 5121
6685 0
0 0
5361 0
8324 0
0 0
0 0
2151 1860
9436 0
9604 0
5233 0
3619 3378
6052 0
0 0
0 0
967 0
0 0
1616 6743
1839 7202
3492 6037
3212 0
4275 861
8285 0
6096 560
0 0
0 0
0 0
4090 1099
8251 6199
5753 0
0 0
3912 0
0 0
0 0
0 0
9019 3312
7762 2335
0 0
0 0
0 0
2200 0
260 0
1667 0
2430 6563
4654 0
0 0
7698 0
0 0
9266 9273
9402 0
0 0
1603 7956
8441 0
1796 9469
0 0
7111 0
9834 4259
7362 8165
0 0
683 8302
0 0
8328 0
0 0
9529 4716
0 0
1613 8804
2463 261
7559 0
4142 7533
663 5153
6903 6919
4065 4848
7334 9525
0 0
2444 0
3039 408
0 0
0 0
823 2517
50 8093
5104 5686
6927 4513
9858 9171
0 0
0 0
7513 0
4718 4925
8128 5402
0 0
561 4058
0 0
3322 0
2551 0
8570 0
6848 4524
0 0
8944 0
9618 4001
3098 0
0 0
0 0
1874 0
0 0
9428 1521
0 0
0 0
7682 202
2401 0
4834 0
5644 421
0 0
0 0
2557 0
5915 6351
9213 0
0 0
4998 855
0 0
3716 3325
6027 0
8558 2774
0 0
0 0
7324 0
6930 7777
0 0
9804 7959
441 4157
1024 3884
8746 501
0 0
1373 0
1662 0
6097 0
0 0
0 0
5204 0
3606 0
0 0
771 6941
2243 2947
1861 0
2087 8556
8364 0
0 0
1637 2874
8950 5563
9349 0
0 0
8911 4474
7718 0
7304 0
176 5360
0 0
5853 5663
8477 0
0 0
8828 0
8137 0
8152 8524
0 0
0 0
5163 7060
5485 0
0 0
1291 0
0 0
5359 0
0 0
2268 2492
5086 8277
942 6007
0 0
8242 0
7835 0
535 9769
0 0
3416 9014
0 0
5880 0
4881 1229
0 0
0 0
8050 140
0 0
0 0
3588 240
0 0
2365 0
5656 0
9784 0
7897 6322
46 2791
7722 0
0 0
9610 2076
0 0
0 0
0 0
5001 0
3191 0
0 0
4694 0
656 0
0 0
8987 4321
0 0
0 0
6478 0
7328 8127
0 0
925 2383
9265 0
0 0
0 0
9559 0
8339 0
2927 0
1564 0
258 0
0 0
6888 0
5606 0
2121 0
4385 0
6436 9137
7664 0
0 0
0 0
0 0
764 6813
8614 0
4080 8533
7449 9553
5791 0
0 0
0 0
3064 9374
0 0
7556 4966
6673 0
0 0
0 0
0 0
0 0
5069 7942
5968 0
68 0
0 0
8170 5078
0 0
0 0
0 0
9738 0
0 0
0 0
0 0
7677 2624
0 0
2289 0
0 0
8487 0
0 0
0 0
0 0
9144 0
6987 0
2957 0
4880 2877
0 0
7951 7571
0 0
4329 6938
0 0
0 0
5213 1847
6240 0
8005 8162
0 0
9154 7937
0 0
2491 0
8633 0
3756 4330
0 0
0 0
0 0
3116 0
5981 1673
3289 2331
2134 1542
0 0
6675 0
2470 0
0 0
6677 2494
5143 0
0 0
9524 0
7732 0
5670 777
4876 0
1530 0
0 0
4868 3063
0 0
0 0
2550 8116
9498 0
7179 0
0 0
4257 2844
7096 1170
0 0
0 0
0 0
7457 0
8401 0
2778 0
3625 3612
0 0
0 0
4660 3369
7975 5289
9377 5540
0 0
8666 9508
0 0
4229 5433
8107 0
4361 0
3703 0
3210 9666
0 0
8130 9651
2585 9140
6349 0
0 0
988 4516
9297 0
8585 1102
8283 0
0 0
345 120
4244 2157
0 0
545 0
7961 0
232 0
0 0
5612 9594
0 0
0 0
241 0
3637 0
6627 367
1151 680
6931 0
0 0
9018 8622
2123 5779
778 0
0 0
6483 0
0 0
0 0
8144 0
8964 0
7419 0
4775 9578
0 0
5151 3077
0 0
0 0
791 0
8348 3940
4165 7654
6132 9459
1058 0
2716 0
667 9815
5903 0
6546 0
0 0
0 0
9698 0
7622 13
0 0
8362 0
0 0
9452 0
8969 8819
0 0
0 0
6296 2301
0 0
3834 6060
3669 9545
0 0
7144 8371
9244 0
0 0
0 0
5134 0
3607 0
1747 6722
7087 0
0 0
6826 8455
7917 0
1871 8537
3512 4047
4917 8880
0 0
753 971
0 0
0 0
0 0
4318 9520
375 4187
811 8749
4846 6370
3351 0
4353 0
3907 5624
6940 9998
6823 0
7293 0
0 0
0 0
0 0
9249 6544
1083 2455
0 0
0 0
0 0
5061 3954
0 0
4894 4854
9840 0
4644 1141
6379 5595
8849 0
5678 0
3368 9528
0 0
5277 3446
5833 4382
7605 7285
496 5649
305 9904
0 0
0 0
4719 8728
3080 9544
4912 0
6362 5623
7783 9694
7851 6041
4252 6104
0 0
0 0
3356 1927
5908 8450
756 978
3081 3933
2804 6912
2107 2681
5454 744
6885 0
3939 8520
4656 8641
5705 2886
3461 8845
0 0
773 9716
1414 0
5160 0
8640 0
0 0
0 0
2207 0
0 0
0 0
22 1468
1767 6515
8301 0
4490 0
7972 0
0 0
0 0
0 0
7860 0
7884 3922
5744 0
0 0
1478 0
405 0
2984 0
558 9513
8552 0
2539 2963
1271 0
9022 5463
0 0
715 0
0 0
0 0
0 0
5246 528
8072 4546
0 0
4550 2354
0 0
9735 0
4449 5141
1793 0
8232 1876
2518 0
4062 0
0 0
0 0
6029 0
0 0
0 0
238 7786
5028 0
8428 1634
8094 4787
0 0
0 0
0 0
4338 0
0 0
84 0
6265 1001
8434 0
0 0
0 0
2897 0
11 0
0 0
0 0
5060 1742
352 0
0 0
3383 3518
8158 0
5803 5792
7900 0
1052 6070
7340 0
2592 932
0 0
0 0
8523 0
726 0
3449 815
52 0
7627 0
2322 0
431 5628
1134 0
3646 5992
5958 0
9502 0
6074 0
6481 0
7031 2983
0 0
5328 6437
6002 0
0 0
0 0
3287 7577
4347 1375
0 0
0 0
5676 706
0 0
6524 6786
2656 2110
0 0
9219 3592
9077 0
6261 8698
0 0
3781 0
0 0
1080 7213
0 0
0 0
0 0
6674 0
5575 0
5059 0
3181 0
2414 4139
2513 5938
1845 5174
6780 0
4195 0
4366 0
3539 0
0 0
0 0
0 0
5505 0
2406 3909
0 0
0 0
0 0
6034 0
3013 0
483 5745
6440 0
0 0
1213 0
0 0
0 0
6184 0
1264 8399
755 3059
1003 0
1964 0
5159 1681
9298 1234
7109 0
7904 0
6757 1423
7169 3589
0 0
9864 0
4877 3079
2775 2543
6818 4211
6222 0
0 0
7112 0
4933 8931
8140 3192
2966 0
5082 0
8661 8208
762 2602
6342 0
0 0
0 0
6611 0
0 0
8307 1920
3760 8872
0 0
3008 0
4645 8284
0 0
244 1315
8026 4399
0 0
951 0
6648 3702
3797 0
7526 6766
0 0
0 0
0 0
1313 0
7301 0
3721 9180
6878 0
6714 2222
172 0
1111 0
2942 3583
0 0
0 0
0 0
15 0
8702 0
5161 1628
9026 0
0 0
2179 0
0 0
0 0
7211 7863
1222 0
0 0
0 0
0 0
0 0
4455 833
7105 333
4932 0
0 0
1433 0
2889 0
0 0
7284 0
1970 0
6640 671
7514 0
2441 5642
91 6108
9172 5269
6049 8851
0 0
2760 8981
6628 2772
4608 382
7312 4483
0 0
0 0
0 0
4228 0
2991 4446
0 0
0 0
0 0
8411 0
3691 0
1500 9117
5864 0
8241 5194
8335 0
4171 3659
5146 0
0 0
2499 4799
0 0
3560 0
0 0
650 8879
9441 67
0 0
0 0
6589 9393
3235 4039
0 0
0 0
0 0
2836 0
273 0
0 0
1698 56
0 0
9444 6814
7716 5331
1216 8482
2912 2771
8665 0
1065 0
0 0
9143 0
4367 9835
9731 9389
0 0
7794 0
7187 0
5344 1263
7631 204
0 0
9628 8543
7086 5514
6126 9257
2659 6374
9473 0
0 0
1334 2223
3904 0
0 0
0 0
5247 0
8751 7473
1078 0
9360 3762
3136 3437
8875 843
3768 0
3246 1695
0 0
0 0
0 0
236 0
5738 0
5139 8636
0 0
4820 4169
4578 4278
0 0
0 0
0 0
5733 0
0 0
0 0
0 0
0 0
5185 0
0 0
2439 6192
3682 0
4611 0
4479 0
6726 0
4053 0
8755 0
4743 5507
8095 1504
8366 3265
0 0
0 0
9558 8442
0 0
3259 8244
0 0
0 0
4562 0
0 0
7066 7800
2364 0
993 0
0 0
2838 0
7090 0
4639 0
948 6508
8781 1176
6061 0
7414 0
0 0
7271 0
1788 5651
0 0
9985 8268
0 0
4584 0
9047 0
0 0
8934 0
615 7043
5635 7974
8866 3517
8483 0
3015 0
1502 0
0 0
3852 8282
366 0
847 0
3346 414
0 0
8497 1563
2031 5877
1837 0
2662 7153
7047 4313
0 0
0 0
5858 0
4140 1123
792 1087
0 0
6680 4241
1384 0
7168 0
7197 4227
0 0
0 0
2342 9964
4784 6361
1258 0
9416 3627
9986 0
4020 0
9930 8385
2245 7217
0 0
0 0
2683 1877
1902 0
0 0
4797 4987
6828 0
1227 0
0 0
3951 27
3095 3088
0 0
0 0
0 0
7636 0
7649 3018
0 0
0 0
2156 999
0 0
0 0
4247 0
5465 3394
2732 4417
7818 0
0 0
0 0
9248 5957
9649 6289
0 0
1571 0
0 0
0 0
838 0
3815 5554
0 0
5112 7592
4271 0
0 0
2389 9423
3213 0
0 0
4870 0
3274 5655
5223 0
3225 0
7429 5821
8625 0
0 0
8331 0
1532 0
6773 0
7024 0
711 2085
0 0
5128 8639
7114 1124
7594 0
4666 9814
6572 1592
0 0
2261 3438
6721 0
0 0
17 8012
6562 2916
8608 9114
1728 4734
6514 6716
1144 0
0 0
330 0
0 0
0 0
8642 0
5905 8456
6549 2142
0 0
5693 0
0 0
0 0
3742 4094
0 0
324 0
7248 0
7508 3112
8840 0
3663 0
1012 3190
1934 0
0 0
5548 0
2163 0
8272 2201
0 0
8671 641
6641 288
6193 5192
2643 0
0 0
9734 0
0 0
0 0
6845 1903
8403 3496
4623 4782
8238 782
0 0
0 0
286 0
0 0
312 7377
7914 0
8415 0
0 0
5703 4929
404 3339
0 0
1751 0
2710 0
0 0
5169 0
4534 0
5630 4649
6139 9788
0 0
537 0
0 0
4066 0
569 0
0 0
4409 0
0 0
1715 4856
0 0
6152 9565
3632 8914
8703 0
7707 0
8723 0
5586 0
0 0
0 0
9600 8861
0 0
0 0
0 0
5504 2475
7313 0
7729 0
8974 0
2619 1163
0 0
7797 6875
8004 0
4208 7180
0 0
0 0
0 0
1883 0
3364 0
0 0
7143 0
0 0
8010 0
460 0
0 0
2793 0
0 0
5471 0
8375 0
146 8067
0 0
127 8592
5351 5925
7933 5065
4871 7864
0 0
7287 747
0 0
0 0
4392 0
5409 8753
7815 0
0 0
7186 0
0 0
3284 0
6620 0
1272 0
2385 0
6841 8023
635 2567
0 0
9178 0
5742 0
0 0
0 0
0 0
0 0
0 0
5372 8834
0 0
0 0
4862 5859
0 0
7011 0
0 0
5442 1986
6205 0
0 0
0 0
3777 0
6408 0
7725 0
9663 4332
0 0
5254 5451
0 0
5244 3048
6799 0
5477 448
3399 0
0 0
311 0
0 0
1455 0
2131 2103
4072 6206
3805 2754
0 0
0 0
0 0
3475 7807
1381 3006
8081 0
0 0
6906 3690
4801 0
0 0
7456 0
0 0
0 0
4811 0
0 0
4199 1319
0 0
0 0
0 0
2486 0
5646 1588
6426 0
7355 0
8826 0
0 0
0 0
6119 2794
5567 0
2692 0
2820 0
8649 3620
0 0
3967 0
6830 9854
0 0
0 0
465 5399
4408 0
0 0
8688 1953
0 0
8070 8607
8460 0
4963 0
7232 8383
5382 9532
6208 0
7963 0
2943 1887
9098 0
7584 0
6619 0
0 0
8855 7468
869 5550
0 0
0 0
9577 4588
0 0
5196 0
0 0
3363 5020
5860 4201
8991 0
9602 0
8724 0
9290 419
0 0
9214 8567
3022 5379
7152 0
0 0
0 0
2344 0
0 0
434 0
9745 5045
0 0
0 0
0 0
0 0
5371 7269
643 0
3791 7395
0 0
7880 0
4260 0
0 0
7437 0
0 0
9938 6233
0 0
4818 0
505 0
4388 0
9275 0
841 0
0 0
0 0
0 0
8393 0
7817 0
6541 0
9783 514
4088 539
1519 0
3519 0
1987 0
1261 0
8791 0
1990 8253
3561 9401
0 0
9688 4317
0 0
0 0
2037 0
4910 0
0 0
0 0
1956 7580
3124 0
4460 0
8908 3994
5435 2611
5996 0
8245 0
0 0
0 0
6531 2808
2203 0
7359 4015
2272 6688
2972 2255
0 0
2559 1513
7409 3271
4144 6032
0 0
0 0
4116 24
6255 0
9886 5876
8741 3217
3983 0
1040 0
0 0
0 0
9805 7261
6750 0
0 0
0 0
4470 3735
7620 5110
4738 0
0 0
7345 0
0 0
0 0
0 0
2858 0
0 0
7549 7616
3139 8922
0 0
3823 5866
4364 9912
48 0
0 0
7658 0
2520 6910
4500 0
3133 0
0 0
0 0
0 0
0 0
399 0
0 0
2348 6956
3253 9744
0 0
3845 7936
9278 6282
4314 3803
1642 0
0 0
4377 0
963 0
5941 137
4037 2350
297 0
995 7149
401 7510
6295 0
459 2614
3868 0
0 0
0 0
5977 2689
5569 0
3083 8185
0 0
1451 2933
6259 0
1253 0
0 0
1496 8014
138 0
0 0
0 0
3138 0
0 0
8773 0
7133 7785
6244 3329
4402 0
4005 0
0 0
2169 5913
7319 7551
3021 2538
0 0
5587 5030
7836 3932
8021 0
8939 1322
0 0
0 0
5979 8839
0 0
1476 979
5717 0
0 0
0 0
0 0
0 0
2341 0
0 0
0 0
212 0
3330 0
363 6321
1075 9003
0 0
9929 3410
7683 0
6793 1753
0 0
5179 9591
9711 3808
0 0
6287 9005
0 0
1323 977
4298 3327
9819 567
0 0
3532 4783
0 0
7438 0
9485 0
3975 9465
0 0
9764 0
8827 1639
2050 934
0 0
5616 8812
0 0
8124 8759
0 0
349 5773
8937 3334
7260 0
1164 5491
0 0
8065 7844
6425 9699
8422 0
0 0
0 0
3541 9108
0 0
5286 4968
0 0
7154 7257
0 0
2880 665
0 0
5830 0
0 0
0 0
0 0
2719 2571
5910 6803
0 0
1626 8472
0 0
0 0
6631 0
0 0
0 0
0 0
9574 1786
8408 1833
0 0
0 0
0 0
0 0
8569 0
1245 9552
0 0
3722 1627
0 0
0 0
3229 0
0 0
4883 0
7910 0
0 0
5209 315
6978 0
3883 0
6761 0
2890 0
0 0
0 0
8711 0
0 0
1567 5038
0 0
7460 562
0 0
6790 0
1978 0
0 0
5812 0
9710 4407
7949 2623
0 0
5772 8374
5235 4212
2472 0
0 0
1789 0
2730 6082
3460 1686
2477 9105
8948 6854
5622 0
1338 0
812 0
0 0
2460 9700
299 0
9920 5967
8286 0
7557 7720
1559 0
8825 6847
0 0
5806 4745
4115 1493
0 0
0 0
0 0
1849 0
6014 7710
0 0
2375 0
0 0
425 5949
58 4547
9312 3409
8598 8794
8398 5197
5186 0
0 0
5530 0
1795 0
0 0
2929 0
1454 6543
2172 0
3574 2867
7967 0
0 0
0 0
0 0
0 0
0 0
2314 0
588 7824
226 8262
0 0
7758 0
0 0
4520 6504
6833 5684
5057 0
0 0
8547 9418
3778 3800
1898 0
7300 2728
0 0
1852 0
1740 2650
8707 9363
0 0
0 0
0 0
0 0
0 0
0 0
2211 696
887 0
8662 4714
0 0
0 0
0 0
6344 2429
9728 0
0 0
0 0
0 0
2524 5056
5436 0
0 0
3854 976
0 0
3071 0
4527 4049
0 0
0 0
2949 5120
6198 0
0 0
8593 0
0 0
2095 0
0 0
0 0
4411 6995
5385 0
0 0
8691 0
0 0
0 0
9449 0
7230 2852
7765 5380
4731 790
3851 6245
4376 4790
0 0
0 0
6250 7165
8545 0
0 0
0 0
0 0
7678 4828
3764 0
0 0
5593 8913
6784 0
3306 0
6000 0
5566 5516
1020 0
5365 1297
6650 0
5898 1731
0 0
0 0
5113 0
6751 0
1403 0
7711 3680
0 0
6892 2187
8089 0
0 0
3005 0
7573 0
0 0
1856 0
0 0
2139 9
2878 0
8886 981
5283 0
769 2645
0 0
7459 0
0 0
5604 0
9271 0
9120 1757
0 0
5640 6089
9260 3419
0 0
4492 0
2801 7960
0 0
1485 0
0 0
2117 8270
6612 0
503 0
64 245
8054 7877
0 0
0 0
4222 0
0 0
0 0
2458 7681
0 0
7599 0
0 0
0 0
9685 3070
4759 0
0 0
0 0
0 0
3075 6926
4273 5457
0 0
3094 0
0 0
4937 0
7412 2642
6569 672
132 0
7356 0
5720 282
7250 4819
8298 0
659 6637
0 0
3535 7715
3444 0
880 0
3423 1885
0 0
0 0
0 0
4969 1638
8495 0
9174 1421
2780 0
9538 0
8172 6204
445 2726
4980 4667
0 0
5266 8119
7788 1434
0 0
9872 5874
8582 3850
0 0
0 0
0 0
0 0
0 0
8976 0
3753 4010
3384 6409
0 0
9097 0
5669 8750
3067 0
6340 1779
2521 0
0 0
7039 0
5330 3799
0 0
0 0
8329 7957
1119 0
9695 0
4253 0
0 0
3804 8670
1439 8732
7617 0
0 0
8069 0
8878 7924
9523 0
0 0
0 0
5071 1007
0 0
1907 8211
3401 0
7296 5053
0 0
0 0
8756 0
0 0
9780 0
0 0
4965 0
0 0
