10000 1
0 0
1054 6387
5514 0
4120 3610
0 0
3865 431
0 0
4583 702
4409 0
5559 0
2244 0
6076 7056
2296 421
0 0
6721 8246
7894 206
0 0
0 0
0 0
4733 4924
0 0
0 0
6238 6626
7945 0
0 0
0 0
7462 6032
7692 9198
7130 4803
0 0
7760 9580
6053 7297
3846 0
8589 0
0 0
2928 9040
3472 977
7741 1370
261 0
0 0
7576 0
5118 0
0 0
2024 3280
0 0
1560 4100
6887 0
8094 0
0 0
0 0
2451 0
7109 6055
4804 2996
0 0
0 0
6638 3216
2704 0
0 0
3269 6262
8925 0
0 0
2351 5804
0 0
0 0
6713 9675
0 0
8885 0
9282 2327
3831 6964
5873 2625
3677 6162
0 0
0 0
3217 0
0 0
1479 0
2942 598
9431 270
0 0
4978 7290
4670 7794
1743 0
0 0
7034 0
0 0
0 0
0 0
1591 0
0 0
970 4494
2902 0
1255 0
0 0
6376 0
2821 0
7422 3726
8087 0
9957 0
8507 0
328 5755
0 0
4203 0
7128 1502
0 0
7561 66
6340 5604
7356 7204
1957 0
0 0
8288 0
3528 400
1202 2812
0 0
0 0
1747 0
4163 0
1792 3302
8607 0
0 0
0 0
0 0
5163 3104
8125 0
8595 0
0 0
1636 2633
3971 0
0 0
8608 0
3587 0
0 0
9006 1511
6733 4079
5645 0
1940 8975
0 0
0 0
0 0
3373 9317
2959 9066
7961 0
9528 0
0 0
8134 6693
0 0
3820 9679
7369 177
4306 0
5795 0
8486 0
5522 6299
1964 0
2551 0
4496 8008
9023 2240
1136 0
0 0
0 0
4840 9917
6357 8429
6782 0
0 0
0 0
5239 0
0 0
4271 953
9615 0
0 0
5074 0
0 0
0 0
1073 0
8297 0
2096 0
0 0
0 0
6431 0
0 0
0 0
0 0
2701 0
2992 0
0 0
694 0
0 0
0 0
1374 3087
0 0
0 0
0 0
0 0
6100 0
0 0
5480 0
8083 0
2878 0
5657 0
0 0
9986 3189
8100 7206
0 0
478 8202
1538 0
0 0
1761 0
0 0
0 0
0 0
9835 0
9284 881
8061 9301
5829 8723
1293 2081
5046 5902
0 0
3020 0
4961 0
4741 1494
0 0
6614 8310
0 0
4662 0
4760 0
0 0
5485 0
0 0
7157 0
5547 0
1116 0
1566 7255
7972 0
7134 0
0 0
0 0
2439 0
3396 7927
6454 5883
3414 0
4672 0
7400 199
0 0
0 0
0 0
3254 0
8829 0
0 0
4253 0
0 0
7867 0
0 0
2209 0
5959 3932
6417 3499
0 0
3473 2448
0 0
3962 0
8750 7177
3534 0
2069 0
0 0
8028 0
1244 0
0 0
0 0
0 0
4424 0
8842 6239
5285 4197
4327 670
0 0
299 0
6987 647
314 4230
9132 0
9273 1147
0 0
0 0
1017 1783
0 0
4420 2997
9276 4626
9303 3733
9107 3459
2944 0
4056 3221
0 0
4552 0
0 0
0 0
3080 0
4511 1469
3354 0
8690 0
0 0
6883 0
7300 3073
0 0
542 0
1972 8773
0 0
7514 0
3071 0
9499 0
3993 0
5939 2379
0 0
6640 7517
0 0
219 7519
2200 9927
1042 6183
0 0
0 0
7931 3333
0 0
0 0
1099 325
5171 0
4136 37
8127 0
0 0
4481 7637
9235 2345
8711 0
0 0
3510 780
4833 0
0 0
6478 8705
9696 0
1035 347
8285 7087
0 0
0 0
2747 0
1703 0
0 0
3981 0
7296 2985
0 0
3188 0
8460 515
8966 0
0 0
0 0
5998 8856
0 0
662 2213
0 0
6013 9832
0 0
9557 0
0 0
0 0
3600 0
5711 0
1421 0
0 0
7184 0
8978 9934
0 0
5100 0
4913 0
0 0
7811 257
710 9271
8967 0
2041 6796
6981 988
2080 0
6240 0
8201 8522
0 0
0 0
1236 538
9414 6838
7140 6871
6225 6527
320 6664
3636 7042
0 0
0 0
0 0
7427 0
3843 2515
5131 0
0 0
8744 0
0 0
0 0
7000 750
0 0
0 0
0 0
7084 7952
3035 0
783 7726
3869 0
0 0
1928 0
0 0
8980 1603
0 0
5908 0
1612 0
3806 0
0 0
0 0
0 0
0 0
3296 992
1875 0
3517 0
987 51
7847 5855
7776 0
0 0
0 0
1742 0
0 0
9689 2044
6334 2848
3642 7410
954 4793
1735 0
5040 5302
7193 0
1237 3173
0 0
4923 6202
1084 0
283 179
9776 7344
3867 8720
3927 5812
5364 7150
0 0
0 0
1175 0
4794 1062
7659 0
6039 6314
7207 1267
0 0
6946 0
1826 0
0 0
8670 3635
7800 1968
5557 5884
0 0
8104 0
1243 0
7097 2003
0 0
3998 0
1901 0
7339 7264
2557 0
6737 9196
1996 0
991 0
2347 7168
4500 6445
9493 6266
216 0
357 2899
6862 0
0 0
9563 0
7098 2630
4748 1974
0 0
2334 9083
0 0
3407 8157
5673 4417
5532 3666
8032 3258
814 9796
5337 652
1097 0
5525 0
4519 0
6031 0
9402 6074
9599 0
4365 0
4154 7099
0 0
684 9525
4039 3458
2492 0
0 0
2418 0
0 0
4979 659
8411 0
452 3627
3408 1600
0 0
7164 0
9200 0
900 4995
2382 9145
0 0
0 0
7790 9359
7686 4180
6363 9836
48 158
9503 0
8563 9371
0 0
962 0
7901 0
2713 0
9464 7492
7980 7524
3719 0
513 6402
2148 9972
8244 7990
9690 4200
5608 0
3293 5536
4005 0
0 0
6066 1954
7918 0
3290 0
1185 6968
8621 0
0 0
0 0
7092 1376
5184 7948
1574 6700
0 0
2958 7478
1797 0
7955 115
5644 5786
3983 6007
7735 0
0 0
7763 8369
0 0
6770 0
0 0
0 0
2904 9345
6508 848
5664 0
0 0
6643 4644
9413 7714
4114 0
0 0
3319 0
135 0
1366 0
0 0
1817 771
2857 3960
1637 0
8871 9099
0 0
6632 0
0 0
0 0
3658 0
523 6608
9188 0
983 0
9595 329
0 0
2328 0
9617 5967
7912 3508
4795 0
4296 3689
5272 868
0 0
0 0
3022 3005
0 0
6139 1221
5413 6434
0 0
0 0
2201 0
0 0
1191 0
100 0
0 0
9565 0
0 0
7908 5607
0 0
29 4964
7071 0
9423 9125
0 0
7616 0
5965 0
0 0
6792 0
0 0
0 0
0 0
7621 0
3014 4792
742 0
0 0
8844 0
0 0
6204 3107
9212 0
263 5173
608 139
2670 2335
3900 3969
8088 3559
6936 0
2295 0
0 0
7541 0
4575 9909
3225 0
8306 0
7810 0
9812 173
4858 3982
565 2939
7539 0
6019 0
0 0
804 0
8186 0
7251 9305
5802 7008
6839 0
0 0
8012 790
9687 0
4111 0
9356 4532
0 0
8452 0
169 0
4648 0
4691 0
6741 0
0 0
0 0
0 0
8629 6831
0 0
0 0
0 0
0 0
5152 0
5113 0
2395 0
4209 0
0 0
0 0
0 0
8123 5752
0 0
902 6033
9334 9163
0 0
4697 0
4341 5321
0 0
8870 9703
3383 0
8174 1548
0 0
2270 6657
0 0
0 0
345 4138
0 0
8634 4769
0 0
5226 5274
0 0
8455 0
9725 0
2195 0
1187 0
9711 0
5247 1289
9688 9974
2622 0
5649 0
0 0
2340 3987
9330 0
1184 7051
8371 0
0 0
0 0
2805 0
0 0
0 0
9230 2632
1907 195
9257 5428
0 0
7418 5919
0 0
0 0
8636 0
8627 2094
0 0
3729 5750
8342 0
4345 0
537 2066
8734 0
0 0
0 0
0 0
7453 6428
3316 0
7498 0
9082 0
0 0
7820 0
0 0
5960 3747
9105 0
0 0
0 0
0 0
1915 0
4247 5289
8225 0
7245 1066
7242 9833
9510 0
3334 6492
0 0
7690 9336
0 0
9751 0
2115 0
8540 0
0 0
0 0
5341 1910
0 0
424 0
0 0
0 0
351 6489
7640 0
0 0
2133 1413
0 0
8922 0
9691 0
0 0
2065 1039
0 0
5596 3955
2128 0
0 0
4290 0
4269 0
2576 0
2245 0
0 0
4888 0
2830 0
0 0
5597 4210
0 0
8437 0
0 0
7960 0
5805 0
2757 4934
8804 0
1599 2224
0 0
5527 0
5078 0
5994 3847
454 0
2196 3497
2214 7272
4130 0
5231 187
0 0
5944 0
3912 2837
3765 8307
0 0
6854 0
5566 6756
544 7602
0 0
7266 0
7777 0
0 0
8910 0
0 0
0 0
0 0
5121 2915
2803 3069
0 0
3033 5458
9795 0
9155 1391
3996 0
6465 3239
5261 9280
7487 0
0 0
2370 0
0 0
0 0
0 0
0 0
0 0
8955 9022
6425 0
8367 0
520 0
0 0
5791 1429
0 0
0 0
8189 0
0 0
4443 0
850 7625
7376 0
6788 0
0 0
8454 0
1048 4611
7072 0
0 0
996 0
8894 0
0 0
8021 1192
5144 0
0 0
806 6538
6138 2396
0 0
1684 0
0 0
5170 516
0 0
9668 0
28 0
2380 6288
8530 561
0 0
0 0
4396 4582
1254 9069
0 0
7327 6778
0 0
0 0
0 0
0 0
531 0
0 0
3734 289
1240 8220
4467 0
9463 4213
5619 6145
0 0
0 0
9003 0
4894 0
3483 0
3599 711
4705 439
0 0
2429 0
58 0
3525 0
8333 0
649 0
0 0
0 0
7090 0
1807 0
0 0
729 3237
5521 0
3506 9724
1034 8256
4703 3076
2972 0
0 0
0 0
794 5093
5665 2918
0 0
0 0
0 0
1127 0
4402 0
6787 2398
661 0
0 0
0 0
428 6116
673 0
0 0
3672 0
7375 3384
0 0
0 0
1172 9157
3324 4711
8374 0
7664 7362
7757 0
7818 0
0 0
5025 0
1053 0
948 5347
2390 1315
8463 6243
8377 7205
0 0
4237 0
0 0
9797 0
2922 0
3547 5344
2925 0
0 0
975 9858
8668 1286
7061 5843
0 0
3194 7144
4169 5357
3288 0
703 3786
1615 6109
7282 6742
6088 3903
6775 0
2465 0
2938 0
0 0
5984 0
408 0
1087 0
0 0
5338 0
1141 1339
3240 0
7770 7526
0 0
8947 8057
843 1056
7792 9554
0 0
0 0
5950 0
0 0
0 0
3586 9558
0 0
4291 0
0 0
8801 0
0 0
9175 0
5345 0
1444 0
0 0
7002 0
0 0
0 0
2657 6129
0 0
4168 0
9801 0
6210 3213
2040 0
164 0
0 0
6843 0
1906 0
0 0
3404 0
0 0
9531 0
0 0
0 0
5375 0
3505 0
0 0
2103 0
5418 0
2721 0
9171 2896
0 0
735 0
6947 512
3440 0
6483 7280
7463 0
6950 443
1158 112
0 0
4245 2036
9158 6542
7249 0
0 0
0 0
1282 8390
0 0
4503 6407
0 0
0 0
3406 3641
4128 0
8598 0
0 0
4782 0
2031 191
0 0
7191 2461
1009 644
6917 0
7320 0
2230 0
0 0
1712 8899
3039 6260
4875 7265
0 0
0 0
8031 0
3042 0
1088 0
0 0
9637 5426
1725 2862
7325 0
3118 5037
9088 0
0 0
0 0
668 0
0 0
8620 0
3716 9439
1234 2920
3828 0
0 0
0 0
566 274
4033 6302
0 0
4784 7073
0 0
7556 9788
3567 0
0 0
3273 0
0 0
6156 0
8062 7003
9289 2931
4487 0
0 0
8388 0
9821 7785
4293 8068
1464 0
8305 3139
0 0
0 0
8973 9548
4413 0
0 0
0 0
1317 1827
8644 8336
0 0
6637 0
1778 6569
6726 1103
0 0
0 0
7185 9736
3438 0
842 6519
952 2870
0 0
1554 2125
651 9845
1850 0
8968 0
0 0
4714 0
4661 0
8038 5555
0 0
4884 4772
2864 0
0 0
636 0
240 0
5570 352
0 0
8868 0
4719 0
4632 0
9572 8071
1734 6897
2761 124
6415 0
1704 4460
0 0
6343 0
9161 0
0 0
9300 0
8203 3040
8485 0
3511 1104
8283 5067
3089 0
9331 0
7347 6850
0 0
0 0
0 0
5687 7493
0 0
0 0
0 0
0 0
0 0
0 0
9074 2104
0 0
0 0
965 7926
0 0
7859 0
4918 3670
6060 0
0 0
0 0
0 0
8931 2643
5598 8308
0 0
1046 6961
5690 5235
2323 0
8391 7368
0 0
3109 0
1646 0
4038 683
0 0
2483 0
0 0
0 0
0 0
0 0
672 0
0 0
5133 0
0 0
7237 0
8357 0
0 0
1517 0
2160 0
4466 6072
5166 0
7701 0
6358 0
0 0
0 0
2610 9632
697 9824
4653 7780
0 0
0 0
886 6455
7551 0
1722 0
2016 0
2558 7417
2773 2776
3775 3966
8880 3985
0 0
6949 0
2363 0
2462 0
5288 0
9870 1732
9057 7913
1271 6228
4352 8159
6424 0
2388 0
4822 0
0 0
2336 0
0 0
0 0
9443 3367
2177 0
81 0
2158 3196
3797 0
5425 8568
0 0
1021 2759
5340 8535
7466 0
8498 0
3 0
0 0
2486 0
8328 947
0 0
2077 0
9279 4476
4161 9065
9538 0
867 6224
211 9609
3463 5291
0 0
4847 2600
9638 0
5176 0
5611 2312
2688 0
7532 4969
1841 0
1119 4178
2707 0
4548 0
1188 0
0 0
0 0
3799 5957
9472 4353
0 0
0 0
6110 0
8836 0
3723 9138
8606 0
8427 0
7274 3271
0 0
0 0
0 0
0 0
5907 0
6118 0
0 0
788 9113
0 0
9733 0
1610 0
9810 7217
9991 9005
0 0
457 0
0 0
5544 8176
0 0
1487 3773
0 0
4528 0
7543 0
7234 7868
4992 122
0 0
1598 0
2692 0
0 0
0 0
0 0
905 0
0 0
2746 6433
5820 0
4965 0
9880 7654
2467 6143
0 0
1936 0
2941 5082
0 0
5499 2955
2740 0
35 5077
4146 4434
4458 0
5069 0
260 1384
129 8807
6574 8749
9841 8354
6345 0
1490 9505
2484 2239
0 0
0 0
1263 8860
0 0
2121 4303
0 0
0 0
0 0
0 0
0 0
0 0
4139 8479
0 0
0 0
0 0
8656 0
1836 0
7279 26
0 0
9020 8667
2860 3988
6602 0
1632 5506
2091 0
0 0
0 0
0 0
0 0
6330 1249
3484 0
2420 6234
4936 1505
0 0
3468 0
0 0
4813 459
8097 8876
7079 1273
0 0
1380 0
4659 0
0 0
8295 0
1361 0
6498 2109
0 0
8766 1913
7142 407
0 0
1456 0
9470 9657
0 0
0 0
0 0
9471 1096
5128 2570
7456 5005
9587 0
3433 0
0 0
0 0
6171 1708
0 0
3696 1949
4993 8287
2297 9060
0 0
3558 0
5122 2029
0 0
0 0
0 0
0 0
9936 2679
896 0
307 0
5255 0
9181 9231
0 0
0 0
5315 0
0 0
0 0
0 0
0 0
1922 8075
3687 0
6588 0
5248 0
0 0
2161 2673
3546 0
9180 0
0 0
8544 0
0 0
0 0
0 0
8030 9378
0 0
2471 0
2253 0
4689 3151
1592 539
0 0
1007 0
0 0
0 0
5212 0
5199 506
3138 0
0 0
0 0
2875 9914
2291 0
1750 0
8551 0
4490 0
7088 5429
4283 0
0 0
3937 0
0 0
6087 8754
2037 0
0 0
446 7014
7611 0
4654 245
3119 2702
8587 0
7305 0
0 0
0 0
0 0
1622 4150
0 0
0 0
5254 1247
3590 0
7736 9328
0 0
8069 0
8356 5510
0 0
0 0
1499 4184
0 0
0 0
5552 5736
2733 2614
5898 3130
2263 0
4730 0
6585 0
1409 7460
9325 0
4750 0
1325 0
7473 0
658 7308
9571 8035
9639 0
3628 0
0 0
0 0
0 0
5720 9101
8278 6798
8704 0
7402 1794
8803 1650
1198 5063
0 0
0 0
6094 0
4285 0
0 0
0 0
0 0
0 0
0 0
1155 0
7420 6038
3449 0
1121 0
8619 0
6490 0
1182 0
0 0
0 0
6115 8299
730 0
1720 0
0 0
8146 0
6676 0
8650 0
9245 0
815 7450
0 0
0 0
0 0
1769 1434
6809 0
1411 0
5486 0
5975 6091
1765 0
6540 0
7605 4477
46 0
0 0
7067 0
0 0
4068 0
5059 2895
1193 559
9226 3755
9913 0
765 0
0 0
0 0
1488 718
0 0
3896 0
7779 5826
1690 9448
0 0
0 0
0 0
0 0
0 0
0 0
0 0
0 0
2417 0
7111 0
6168 7223
1644 3781
8648 5451
0 0
5767 4757
9648 6735
8166 0
8800 0
0 0
6193 3126
3419 0
8250 0
7542 0
6727 745
5925 3888
1379 6672
0 0
0 0
2503 5466
7936 5142
8633 1093
0 0
0 0
0 0
3601 0
6443 6474
6133 3879
288 6160
4683 0
5807 0
3934 0
1078 0
0 0
0 0
9026 0
0 0
5115 0
4354 0
0 0
4808 0
9295 9807
0 0
7569 0
8872 3999
3632 0
0 0
2868 5893
8960 5310
6962 0
0 0
8090 0
142 1902
9014 3013
210 3420
8060 0
6983 0
8820 0
9018 9556
0 0
7898 1533
9462 0
0 0
0 0
8932 0
0 0
0 0
0 0
5197 9117
0 0
0 0
9793 0
0 0
2354 5788
0 0
3923 2749
1927 6071
8458 6777
0 0
1886 1929
0 0
1217 0
6438 0
0 0
1724 2879
0 0
3575 0
0 0
7022 6601
8638 2947
590 0
4400 16
2030 589
3121 0
6848 5213
0 0
9134 0
6761 8861
1257 9055
0 0
0 0
0 0
4908 0
5653 9519
5459 0
0 0
0 0
7219 0
0 0
1420 0
3268 4747
7665 0
622 9255
5563 3428
5193 7799
8029 1383
5839 0
3413 0
4379 8702
0 0
5706 0
7768 1306
0 0
9748 0
4301 0
1308 8757
8673 0
9179 6613
2217 8945
0 0
1864 0
3250 6504
3721 7387
0 0
6673 0
0 0
5779 0
360 4680
3381 0
0 0
3116 7711
0 0
9042 0
0 0
9497 0
4043 9849
0 0
5879 6352
3152 1858
0 0
0 0
8070 3861
0 0
0 0
0 0
744 623
8182 8830
9759 1648
0 0
0 0
2984 0
1676 7386
8448 7922
4845 4003
0 0
4447 3206
3850 6131
1714 0
5085 6300
4167 1152
0 0
7754 5440
0 0
0 0
0 0
2324 7011
0 0
0 0
0 0
5605 0
7240 2953
8237 8779
0 0
9053 0
4329 1414
0 0
9112 0
0 0
0 0
2791 0
3327 0
7599 1044
0 0
0 0
2154 0
3185 5489
0 0
7141 5404
8556 0
6405 7253
8450 0
0 0
0 0
0 0
2397 1450
6157 0
0 0
0 0
4607 0
4456 5045
0 0
0 0
0 0
3456 9412
6286 701
818 0
0 0
8107 10
0 0
1006 541
0 0
0 0
6247 9924
1167 0
361 0
0 0
9772 3227
8552 619
6952 0
3179 0
0 0
1272 0
4665 0
0 0
9293 0
4608 0
7352 0
0 0
8468 0
6279 0
860 0
0 0
3487 0
0 0
0 0
645 6306
0 0
3564 0
0 0
9805 2648
3009 585
8533 990
3878 3388
5815 0
2564 0
3034 0
5880 373
0 0
6347 6589
2414 0
0 0
5216 4917
0 0
6880 213
3067 0
4004 0
4984 2004
1633 9322
0 0
9051 0
5117 0
0 0
232 8653
0 0
4897 0
2403 7006
0 0
5671 2946
0 0
0 0
4537 2333
0 0
0 0
8542 0
4411 0
0 0
0 0
4025 9239
2689 2268
2087 5722
5852 0
489 0
9762 7558
9669 0
3437 0
9 2751
9205 111
4593 0
32 0
9929 0
9285 0
4012 0
0 0
0 0
8666 0
0 0
9513 0
5051 0
0 0
0 0
228 5822
656 3351
0 0
5660 0
59 0
0 0
7277 2512
6410 0
8105 0
1766 2199
9225 1432
7739 1086
3712 5749
7668 4093
0 0
5642 8158
6576 5394
0 0
6200 9988
1607 0
8869 0
5207 275
0 0
5112 1961
921 0
3566 1609
4436 4470
0 0
0 0
6933 0
0 0
7374 551
0 0
4586 0
6020 4084
2943 1347
8168 8284
4216 1816
5556 2611
0 0
9329 3172
8227 0
7646 9802
0 0
5377 0
7929 1174
3694 7214
4376 0
0 0
9680 6486
3778 7764
0 0
3684 8532
4433 170
0 0
2009 6119
0 0
0 0
5452 0
0 0
1111 7891
4497 0
6889 2474
9800 0
435 0
1855 8254
8264 1223
7133 0
6353 0
189 4766
7978 0
2804 8581
0 0
7017 0
0 0
3857 9908
9953 0
0 0
6103 0
4098 0
5587 653
4325 4960
4591 7167
5578 1230
0 0
6941 9343
0 0
2202 6158
7170 9312
0 0
1536 0
8128 0
0 0
1871 4938
0 0
2428 3142
3058 0
1095 0
4982 4440
0 0
0 0
0 0
4397 0
6046 0
0 0
2206 9430
8999 0
6166 0
0 0
0 0
8693 5103
0 0
0 0
1749 8255
6070 0
6148 4841
2247 0
9290 0
8434 8988
6599 0
6197 9080
2742 0
0 0
6287 5446
605 3880
6858 7467
9732 1576
0 0
0 0
0 0
0 0
1579 0
0 0
0 0
9521 0
8272 0
0 0
0 0
4737 0
1847 0
9866 0
3761 0
7423 7228
0 0
5260 2645
9380 8396
0 0
0 0
2677 0
575 3283
237 1977
8417 5751
6893 4288
0 0
7039 0
1197 6856
7639 0
0 0
2730 0
1583 0
5887 0
0 0
6561 2198
8093 5634
0 0
0 0
0 0
0 0
852 9455
0 0
4105 1691
2831 7826
4853 0
0 0
0 0
1818 0
0 0
9093 0
5885 0
5727 7491
2608 0
1597 0
7346 4132
3228 0
7370 3624
0 0
0 0
3968 0
0 0
6740 0
3812 0
8793 8579
0 0
0 0
0 0
0 0
8733 0
0 0
0 0
8345 0
0 0
0 0
0 0
14 6361
6846 0
4314 0
6480 1565
172 556
0 0
0 0
43 5658
0 0
4057 0
0 0
0 0
9059 7673
7005 0
4542 3454
0 0
0 0
0 0
0 0
6205 7773
0 0
0 0
6547 0
8700 0
2507 0
8511 0
2851 0
9025 904
6762 0
7675 0
0 0
9859 0
0 0
8408 4902
0 0
5833 3310
1377 2410
0 0
0 0
4606 1336
2809 0
3339 7742
4773 3659
764 4241
6647 0
0 0
8502 1833
9603 0
0 0
8912 2790
7 0
5560 5503
0 0
1357 0
3108 0
5263 0
0 0
0 0
5513 0
8074 0
0 0
9388 0
0 0
8381 9160
9561 0
0 0
2667 0
9884 0
3609 3515
9982 0
1917 0
19 0
4346 7886
0 0
3798 0
8651 9881
9815 0
306 4553
6729 5353
0 0
0 0
9545 0
8441 0
0 0
1987 5185
784 7851
4257 0
2743 0
8677 7449
0 0
6562 0
0 0
3838 7160
7349 716
0 0
1953 0
4893 0
1058 9067
0 0
5494 793
4330 5294
5220 8425
7583 0
5081 9019
8361 6868
1861 8080
6683 0
0 0
4599 9983
5460 0
0 0
6384 934
9467 0
6085 7348
4707 0
0 0
3661 0
5050 0
0 0
0 0
3702 0
0 0
9923 0
0 0
4647 0
0 0
0 0
0 0
0 0
5249 0
182 0
9197 0
0 0
0 0
0 0
3836 2338
0 0
0 0
3180 0
1485 2744
7804 9878
5861 0
7544 0
3856 9636
7740 0
1693 6606
9002 0
9369 3804
6034 3973
8626 0
1171 0
9863 9813
0 0
3944 0
3355 0
6235 0
0 0
8857 8935
7801 6918
0 0
0 0
7384 3902
0 0
0 0
5088 0
6496 0
2475 1123
4600 0
3436 0
6207 767
0 0
8938 4086
607 9600
933 0
0 0
5896 0
7834 0
2221 0
7816 4254
3357 0
0 0
0 0
4357 8845
940 2897
0 0
0 0
3159 0
0 0
5834 0
3062 0
3369 0
0 0
0 0
0 0
1729 5481
0 0
3538 9027
3285 0
207 0
6760 8142
0 0
3703 0
5735 2607
0 0
6250 9061
2960 9185
0 0
2750 2775
909 0
9287 298
0 0
0 0
0 0
0 0
3855 0
0 0
8684 2164
4112 5520
4832 6249
5712 0
2086 0
0 0
9997 0
1580 0
0 0
7215 0
9780 4540
2249 0
8566 8079
3278 2924
5182 0
57 5517
0 0
4623 0
6677 0
1919 614
3569 0
8053 0
4643 0
2192 0
1767 9771
9358 0
382 9381
0 0
0 0
4857 3725
6423 6722
0 0
0 0
3114 0
0 0
0 0
3496 0
5859 8811
5106 0
6298 0
0 0
2725 0
0 0
657 9398
3892 8995
2299 4022
436 0
0 0
0 0
1166 0
2002 0
0 0
0 0
3673 0
8614 0
3149 0
7921 1995
3190 6812
2855 0
0 0
0 0
1683 0
5000 0
0 0
733 0
0 0
7396 0
3501 0
3992 6822
1854 6682
2366 4088
0 0
269 8989
8435 0
0 0
0 0
5737 8972
0 0
5227 0
9920 8729
892 4359
0 0
251 0
39 0
9946 0
162 0
0 0
495 0
0 0
5744 7759
4206 4062
0 0
728 5920
5773 0
0 0
4459 2452
0 0
8043 0
5383 0
1717 0
332 0
0 0
2144 4298
1181 4
0 0
6 0
6827 5348
0 0
0 0
0 0
1873 0
9116 0
4275 9935
3294 0
4239 0
0 0
8258 0
7173 0
5754 0
0 0
5976 2325
503 2954
0 0
4690 1478
7483 0
3803 5008
8091 0
5918 0
4789 0
0 0
0 0
857 0
7401 0
0 0
0 0
0 0
0 0
6847 0
0 0
9942 3965
9629 2048
8109 7461
5999 779
0 0
9782 0
663 0
543 0
0 0
0 0
9360 6355
6259 5614
4454 9426
0 0
344 0
3710 0
8577 0
2402 5595
204 0
0 0
2807 310
0 0
6222 484
2741 0
0 0
5656 0
2490 8565
0 0
7389 0
0 0
0 0
6995 8961
7189 0
8809 7934
8580 6404
0 0
0 0
0 0
1983 0
401 0
8443 0
1102 0
908 0
2146 1358
8838 1616
0 0
8217 0
8709 482
6748 548
0 0
4506 62
3740 0
6905 618
0 0
8335 4017
1114 7821
0 0
0 0
3556 753
1068 0
1973 0
0 0
9058 0
0 0
0 0
0 0
0 0
3893 6592
0 0
0 0
7021 2135
0 0
0 0
6627 0
0 0
7843 5838
5726 0
0 0
0 0
0 0
217 0
4731 8918
7470 0
4342 9045
3863 0
807 0
654 0
3908 3041
2367 1406
1481 0
1950 0
8066 4302
0 0
2635 0
0 0
0 0
8675 0
0 0
0 0
9514 0
0 0
3793 7786
0 0
0 0
0 0
0 0
6017 0
4797 3827
0 0
0 0
9260 7996
5497 0
4802 6189
0 0
4560 6924
0 0
0 0
8296 0
9136 0
7270 3289
0 0
0 0
743 0
9435 0
0 0
0 0
1324 0
3911 0
7905 0
8794 0
8383 3356
9353 0
0 0
2368 5728
0 0
7378 2479
0 0
0 0
0 0
6021 0
9641 0
4047 0
8063 7158
8229 8303
9491 0
272 0
5011 0
3851 1038
2051 0
7808 0
1525 0
9963 0
4328 2671
0 0
6716 0
2919 0
0 0
2621 4404
1299 0
0 0
7618 4708
1558 9228
0 0
9498 0
0 0
615 0
6805 4825
0 0
5474 0
564 0
0 0
545 0
0 0
3625 0
8843 8196
0 0
9816 0
0 0
426 5264
9764 0
0 0
2126 3718
7413 0
463 92
5541 3141
5229 2537
0 0
5973 0
0 0
5985 2307
0 0
0 0
9153 9405
2488 0
968 7720
0 0
0 0
3287 0
0 0
8921 52
0 0
1298 9152
0 0
0 0
0 0
3890 2563
0 0
2122 2976
3226 5061
7809 0
9223 0
8866 0
9959 9184
8905 1895
5797 0
7947 8136
0 0
4482 8612
2383 0
7040 0
5545 4429
0 0
4943 6816
8959 0
4675 3834
4457 0
0 0
7623 6757
6940 8672
2505 0
5519 0
4332 5015
0 0
0 0
3150 0
3417 2615
5060 0
0 0
7451 2006
7895 1531
0 0
2573 0
6834 7229
0 0
8741 250
5091 0
2355 2516
3315 0
388 0
168 472
3200 0
6671 7959
6188 0
7178 9236
9106 4488
0 0
0 0
0 0
0 0
1419 2538
2533 9089
7890 3907
1594 0
7841 9159
0 0
0 0
0 0
0 0
3818 0
5094 0
9706 0
0 0
4779 0
41 4414
7766 0
0 0
0 0
4605 6963
0 0
5945 0
4389 9546
8409 0
0 0
5350 1575
2216 9980
5183 0
9830 0
0 0
2824 9034
8415 0
9722 7367
0 0
0 0
2987 0
2881 0
0 0
4195 0
4761 0
0 0
0 0
8853 0
4034 0
9716 0
6413 0
0 0
2531 0
5528 0
7953 7351
0 0
9306 1020
2856 9121
9258 0
2596 0
0 0
0 0
0 0
6456 0
8649 0
5181 7603
6469 9254
5932 0
7403 4810
6705 0
0 0
8490 3427
1196 0
3572 1022
7211 0
2869 0
8721 0
7607 511
0 0
0 0
4751 4722
3353 0
0 0
3967 0
2739 0
0 0
9449 0
1872 1390
0 0
7907 0
1189 5686
5089 0
9950 0
3657 4030
0 0
3616 4807
3629 0
9008 9981
0 0
4664 4463
0 0
2646 9610
4713 458
1043 813
0 0
8039 0
0 0
4064 2337
2101 1821
7052 2442
86 8047
2 7694
7443 2284
6650 3480
9458 312
0 0
3730 0
0 0
3168 8573
6859 0
5837 0
8767 0
500 0
2232 0
0 0
3704 986
0 0
6178 0
5668 0
0 0
8519 8234
1288 6265
3802 6712
0 0
4562 0
4788 0
0 0
0 0
0 0
0 0
0 0
3241 0
0 0
3853 5421
9532 4126
4337 0
1061 7563
643 5986
2661 4343
0 0
862 2983
196 0
0 0
4744 0
0 0
9028 0
1362 1948
4172 1480
3008 0
1423 0
1925 6852
0 0
0 0
2639 0
7987 190
0 0
0 0
0 0
7580 0
6325 0
803 0
0 0
5982 0
0 0
9745 0
1614 0
7582 5369
5770 0
4546 9553
0 0
6791 1933
9090 0
4920 0
0 0
6844 0
9001 9081
1069 384
3102 6401
586 0
0 0
0 0
4669 3157
4604 1220
0 0
2252 0
0 0
7855 2549
3183 2838
8208 9442
0 0
1896 494
7145 0
1772 8575
7887 0
2136 0
8687 8928
2025 0
0 0
1178 0
2090 27
3897 0
7198 117
0 0
4173 1070
0 0
981 1169
5683 0
8050 0
7869 7475
3234 2520
0 0
1605 3805
313 0
5001 7496
1569 148
1903 2496
8102 7373
9621 8816
5392 7030
0 0
0 0
0 0
0 0
0 0
0 0
0 0
0 0
0 0
1354 0
8593 0
427 0
2149 0
0 0
2204 7412
0 0
0 0
0 0
7835 2693
5789 0
0 0
0 0
7797 0
94 2686
1728 0
0 0
0 0
9987 2083
4834 0
2404 1975
0 0
0 0
0 0
3174 6916
7911 3921
9650 0
5785 6803
6976 0
9266 1647
0 0
4452 0
8641 3125
0 0
0 0
93 0
5897 4590
5962 0
0 0
6708 7152
6042 4075
4024 0
7437 0
0 0
7343 7852
4839 3976
0 0
5219 6555
2792 0
2822 1319
0 0
0 0
0 0
4650 8835
0 0
3648 0
3693 0
1744 0
3340 8529
0 0
1118 0
3006 0
0 0
4378 71
0 0
0 0
524 0
0 0
1248 2097
5119 0
0 0
4723 7674
0 0
0 0
6526 3205
0 0
7629 2854
368 0
244 6911
0 0
3439 42
1023 0
0 0
9401 0
1681 0
1866 861
8210 3521
0 0
8785 17
8941 0
7973 1890
0 0
1557 9910
0 0
0 0
0 0
2999 0
0 0
4292 0
2010 2020
3563 0
6282 0
6903 9726
9174 3379
0 0
4094 4029
6989 0
5830 8717
3477 3043
212 8110
8554 0
0 0
2427 0
9338 0
2575 0
0 0
2565 0
9218 0
425 0
8662 5717
49 8414
178 4368
1112 0
1653 2180
770 3331
1500 4307
6860 8962
9649 9578
6164 1649
8010 0
3012 0
0 0
0 0
0 0
8686 0
0 0
5354 0
9633 5405
915 0
6970 8302
8045 825
2829 0
348 0
3553 932
0 0
0 0
0 0
2658 572
1367 0
2369 0
0 0
6709 0
6873 8878
3790 7684
9842 0
734 9490
9874 0
8493 0
9933 0
3994 0
0 0
8160 0
4194 0
0 0
7564 5719
5504 0
8018 0
0 0
0 0
9846 9885
3445 0
1713 0
0 0
2052 0
69 0
0 0
4574 7392
6906 0
0 0
2637 0
4394 0
6481 0
4529 2130
0 0
0 0
0 0
4746 7151
0 0
1311 0
0 0
0 0
0 0
0 0
4636 1443
5358 0
0 0
0 0
7864 0
8358 8599
5463 588
5041 0
6666 0
6018 3792
0 0
2712 0
349 0
0 0
4881 0
5903 0
0 0
5301 392
9717 3426
7200 1900
0 0
1585 6517
9506 0
740 0
5129 0
2138 2967
8908 1285
2932 0
8526 7009
7241 0
8823 6951
9141 0
0 0
6391 1365
2255 9952
0 0
107 1077
0 0
2656 0
2903 0
0 0
0 0
205 3491
7509 6938
0 0
1992 5783
0 0
2473 6327
1350 0
2696 6697
9877 3622
0 0
0 0
0 0
7919 5748
110 0
1287 0
0 0
7721 5053
416 0
9186 214
2618 9803
0 0
6128 7527
2579 2584
0 0
0 0
0 0
3588 2419
6851 2033
4931 1381
9907 0
4078 0
7655 1426
2485 7273
8712 0
0 0
7946 4071
1876 0
2260 0
3304 0
4377 0
8682 1790
1570 8054
3743 0
8786 3573
3682 3671
0 0
642 1484
0 0
0 0
0 0
6447 8531
2142 7719
0 0
8009 0
2426 6403
0 0
1417 2767
3808 0
0 0
8494 0
7495 0
7518 5625
0 0
0 0
2617 9127
2316 0
287 0
8588 7345
0 0
7969 0
9409 0
2672 3542
1145 0
8660 2982
0 0
0 0
3756 4775
4333 8324
9324 0
0 0
6719 6416
0 0
9892 9024
5858 0
7899 0
0 0
0 0
9229 0
2262 2798
0 0
3145 0
613 0
6273 0
8033 0
5201 2233
5621 0
0 0
9357 0
0 0
0 0
1113 0
0 0
0 0
5363 1674
1509 0
0 0
6310 0
0 0
9063 8261
0 0
2159 0
2840 4410
1662 7769
3464 0
0 0
3634 762
6511 2386
186 0
2329 0
6095 0
7246 8762
0 0
6884 0
9237 0
5991 0
0 0
5244 8474
1018 0
8399 8362
0 0
4629 137
5716 6991
4131 8341
444 0
0 0
8233 0
8506 4336
0 0
8373 2151
0 0
0 0
9485 6994
6522 0
1473 4113
7488 5955
5701 0
1493 9078
6774 2519
0 0
0 0
0 0
0 0
5526 0
8360 3837
6642 9314
9452 3286
8681 7857
3832 9517
3134 0
0 0
3954 0
7822 8273
5713 0
0 0
0 0
5169 8512
8192 6825
7218 0
0 0
8181 0
6002 0
5970 0
698 6284
6633 6675
0 0
0 0
0 0
2412 2203
3359 5577
8848 0
7180 6558
0 0
4735 1707
0 0
2057 8827
0 0
0 0
3441 0
0 0
4011 0
6303 7295
0 0
8855 0
526 0
8771 0
3568 6198
8386 1251
7455 0
4040 197
258 4616
7244 0
0 0
8851 0
6698 0
7260 0
8591 9372
9659 6190
6123 0
2400 3698
9355 0
0 0
3103 3416
0 0
5892 7058
8350 8736
0 0
0 0
2571 0
3686 6923
9608 0
3611 0
0 0
4347 0
0 0
0 0
1342 0
0 0
0 0
0 0
0 0
0 0
9767 0
0 0
0 0
2352 3377
4499 0
5258 383
5732 5952
0 0
7660 0
6979 9939
0 0
8199 5661
2914 0
8365 0
4544 2554
9676 0
9054 0
5214 3261
0 0
9522 0
836 1663
8808 0
7703 0
3272 530
0 0
7024 9070
0 0
0 0
5111 5603
1209 3688
0 0
9211 0
3654 0
0 0
434 0
8431 0
5271 0
6587 1941
4676 0
1837 0
4639 0
704 8001
0 0
0 0
8315 0
0 0
0 0
0 0
3894 6370
9888 4334
8124 0
8731 2116
6612 6263
8763 8987
0 0
5016 2690
7661 6297
7426 8781
1916 0
0 0
6470 5926
367 0
0 0
2271 6591
1739 0
4223 3631
0 0
0 0
0 0
7115 253
7819 0
8913 0
2063 2951
9297 5327
0 0
8817 0
0 0
0 0
3928 8118
9671 0
0 0
5778 4485
6688 4614
5215 109
0 0
6077 9778
9473 7448
0 0
547 0
6206 0
7281 9407
0 0
4603 8515
3401 0
8826 9838
3156 0
0 0
0 0
0 0
2457 0
0 0
7194 5068
2394 5178
1495 5435
0 0
9347 0
894 0
0 0
5692 571
0 0
0 0
4843 4201
8647 2727
0 0
0 0
1908 0
9220 30
1801 7678
0 0
0 0
0 0
982 955
5072 0
243 0
0 0
0 0
7424 4762
0 0
2423 8559
5147 3531
0 0
4837 1513
0 0
1815 2134
507 0
2882 9773
0 0
1246 533
9889 0
0 0
2651 7033
6503 4706
7015 2223
0 0
5047 0
0 0
9415 0
4127 0
465 0
6067 6257
2248 0
7268 7676
0 0
6097 0
2179 198
0 0
1328 1441
0 0
0 0
0 0
3074 5003
8708 3032
5177 0
4222 8864
3571 775
8697 0
0 0
4968 0
4627 0
0 0
8462 9570
4238 9148
0 0
9071 0
3692 6988
1173 4850
4878 0
9704 0
15 366
519 0
8293 0
609 679
7548 7284
7635 7788
960 0
9875 0
4415 0
9683 6937
0 0
156 0
2973 9887
8496 0
0 0
0 0
4549 0
528 4566
4682 1978
0 0
0 0
4550 0
9140 0
4668 0
3085 0
2963 2147
6699 0
3332 7979
5562 0
0 0
7481 0
9574 0
9177 0
0 0
0 0
3970 0
0 0
0 0
5253 0
0 0
1334 0
8618 5763
0 0
0 0
0 0
4262 0
0 0
2545 0
0 0
1670 0
0 0
9938 3522
0 0
2039 0
1813 7914
8316 5816
0 0
3105 0
0 0
0 0
0 0
3926 445
0 0
0 0
3446 1688
6125 8432
2330 0
5204 6764
0 0
4848 9855
0 0
0 0
2050 0
0 0
2654 0
0 0
9146 3048
0 0
3097 0
8652 0
4446 0
5397 0
8241 0
5586 0
8505 4166
0 0
0 0
8151 5267
0 0
0 0
1944 3469
0 0
638 0
7653 6022
0 0
0 0
0 0
2137 4527
1359 0
5913 0
4349 1867
5678 0
781 0
138 1349
5209 5601
4700 0
0 0
7118 4864
0 0
0 0
6866 0
0 0
0 0
7610 7294
0 0
3311 0
6523 5431
9856 0
0 0
0 0
8145 0
5095 5847
7957 0
0 0
4567 0
0 0
8616 0
8442 0
0 0
715 0
9103 4739
1239 0
3307 0
950 2088
0 0
0 0
9129 1606
0 0
9640 0
9912 0
0 0
717 6264
4469 3770
911 0
6173 0
2001 0
5637 7041
1556 9456
0 0
4587 2662
7860 0
4235 0
1590 0
8209 0
0 0
0 0
6105 5116
7100 4179
5386 0
3335 1898
8884 1571
8270 1453
7086 0
0 0
0 0
0 0
1436 0
0 0
3086 0
9453 0
8224 1962
870 4786
0 0
0 0
2738 7202
0 0
761 2540
787 869
0 0
0 0
0 0
5372 0
6728 0
6749 1232
7110 477
0 0
4759 2062
394 0
8895 0
9535 0
327 7125
7334 5155
405 5889
3621 4886
0 0
1757 0
6426 5483
2602 0
8364 0
2889 0
4202 0
6497 2021
7725 0
0 0
0 0
9994 6870
0 0
278 0
2272 4370
7233 4369
9760 3791
0 0
0 0
4016 0
1309 5125
1825 9662
7261 0
0 0
8206 0
739 21
0 0
7669 0
3242 0
3539 628
9818 0
4928 0
7565 8321
3537 0
0 0
0 0
0 0
0 0
6797 0
8915 0
0 0
0 0
8426 5477
1628 6780
5734 3385
0 0
336 0
1318 7536
0 0
1266 0
6545 0
0 0
0 0
5366 9459
8919 3809
6604 0
0 0
1211 0
6584 6185
6292 0
4050 0
9434 0
8064 4244
0 0
5473 0
0 0
6242 8211
8534 0
7045 0
0 0
9577 0
5192 714
6771 9240
0 0
7319 0
2502 0
0 0
0 0
1486 9244
3112 0
4522 4324
2061 0
8679 0
7849 0
6471 0
0 0
0 0
2513 3644
2699 1904
1763 6409
8824 0
0 0
6466 0
0 0
0 0
6429 6807
6460 3709
0 0
3972 7871
7986 0
7252 0
0 0
811 0
0 0
4849 0
0 0
2544 3424
9947 0
0 0
6229 6379
8537 0
0 0
0 0
9209 8238
7630 0
2184 0
0 0
9837 6811
7529 5863
5436 2649
0 0
3425 0
5662 0
0 0
2237 7484
5992 8106
1577 0
2528 2826
0 0
4270 3131
5400 6144
8669 853
1878 3578
2555 1883
4919 0
0 0
8188 4386
4932 9876
6135 2166
0 0
5391 9631
9871 0
0 0
0 0
2157 271
3244 4981
118 0
5502 0
0 0
0 0
0 0
7430 9408
6857 1988
4678 0
5742 0
3081 0
9623 0
5524 8746
722 0
9166 144
0 0
7687 0
0 0
0 0
0 0
5472 6624
1889 0
2867 0
3655 2845
3691 5445
2361 2450
7963 9044
6323 0
2294 0
9516 0
0 0
9943 3845
2542 9085
8389 0
0 0
0 0
2156 0
0 0
4734 1331
1993 3326
9590 0
6890 364
73 2358
2964 0
5286 0
2908 7143
6837 5420
6784 599
665 0
6236 6549
9674 0
6307 7081
0 0
7482 7031
0 0
4547 0
1840 0
467 0
4076 0
8349 0
9665 0
4192 0
1715 0
0 0
8510 0
3947 0
9612 2389
928 0
3870 5225
4589 3282
2416 6711
0 0
7131 0
9901 0
603 3325
5058 0
0 0
7883 0
6336 0
0 0
4994 0
0 0
0 0
0 0
7377 0
633 5615
0 0
8487 2178
7865 5870
0 0
9784 0
2089 8622
6649 0
2808 0
5191 7991
8900 7533
2591 0
343 0
9817 0
4901 2510
9727 0
0 0
0 0
2852 8236
0 0
1630 5799
0 0
6773 0
831 0
7093 0
0 0
5585 0
2577 121
0 0
8699 994
8695 0
0 0
0 0
0 0
227 0
3705 339
0 0
3421 7853
8495 0
0 0
0 0
0 0
1752 0
1879 0
9108 0
5277 0
2250 0
6502 0
8732 6179
1134 5336
9187 7393
9419 9940
0 0
0 0
0 0
6101 4831
1966 1897
5029 0
6271 4183
8478 9886
0 0
8133 822
0 0
7838 3249
4633 0
7078 0
7896 0
4432 3504
0 0
0 0
0 0
6258 4613
9758 5930
5853 574
9076 0
4933 6560
8564 0
748 9945
8831 0
4304 0
2517 4717
5382 4944
0 0
0 0
5872 0
0 0
7962 0
8400 1984
8562 0
5946 0
2194 6570
0 0
0 0
1283 0
2710 0
4065 4726
3594 8
8392 0
9047 0
1428 9702
2064 0
9543 0
4186 8410
5156 0
7724 8002
951 1981
0 0
5651 0
0 0
0 0
9182 3011
0 0
3084 5592
6134 1435
0 0
0 0
0 0
0 0
8403 0
601 9461
0 0
6631 3748
1477 0
2453 0
0 0
7698 0
1539 0
0 0
3264 1304
376 9486
2893 2543
31 6663
1019 0
800 7113
1738 9043
6319 0
0 0
9332 1190
9481 0
8903 75
2828 0
3274 0
0 0
8703 0
971 0
8477 0
3536 0
9707 0
4805 0
0 0
6312 7729
938 3958
0 0
0 0
1545 0
9965 0
9756 5996
0 0
8854 5983
0 0
0 0
7179 0
0 0
1680 4738
4480 0
2227 2459
0 0
8891 0
0 0
3037 0
0 0
0 0
0 0
0 0
0 0
4823 0
6346 0
285 4375
8698 0
9906 0
3232 0
7601 0
1326 0
829 3895
0 0
9697 0
1656 44
2594 7120
8499 0
0 0
7631 3922
2935 7019
4063 0
0 0
0 0
8996 8073
4101 8098
7670 0
8314 0
8664 1851
0 0
1526 1091
1407 0
7364 3909
0 0
0 0
2612 0
0 0
0 0
5774 0
1024 0
0 0
0 0
8465 0
0 0
637 6554
0 0
0 0
0 0
6102 0
6990 0
6436 0
0 0
8847 0
0 0
4381 0
0 0
0 0
4141 847
8332 2650
6539 9224
0 0
0 0
7856 3674
0 0
0 0
0 0
3617 0
3612 0
0 0
9979 9410
0 0
0 0
1032 4251
2441 8260
0 0
2205 7247
0 0
919 0
8548 0
4781 9072
5868 0
4745 0
3065 0
0 0
6532 0
0 0
3708 0
0 0
9549 6732
0 0
0 0
1075 3075
5331 9195
1843 0
9311 1881
6152 0
0 0
433 6124
3338 0
5882 0
1926 0
0 0
0 0
9672 8020
4380 8372
0 0
0 0
4673 0
417 8724
0 0
9891 8585
0 0
0 0
8892 5492
5860 0
0 0
3788 0
8911 1709
2818 0
4182 6935
0 0
8433 0
0 0
0 0
7299 7557
9100 0
1675 4107
0 0
7306 3695
0 0
7708 6174
7335 0
0 0
7985 6985
0 0
2993 0
4472 4464
844 0
0 0
884 0
9984 0
3598 6567
0 0
0 0
8525 0
3975 0
999 0
0 0
3904 3651
0 0
4462 0
3127 5309
1918 0
2636 3839
0 0
0 0
0 0
7425 0
7976 3055
9789 5132
0 0
8172 5257
1045 0
0 0
7062 6170
9562 0
8245 0
2910 7648
6165 0
5422 152
6723 2719
9541 0
1265 0
0 0
0 0
6080 0
0 0
8584 1448
2768 0
8152 0
0 0
3120 0
5958 0
3997 9654
5124 7795
7782 6448
7433 0
0 0
7399 0
2567 3028
9399 0
3605 958
7615 0
2782 0
0 0
6630 8917
6089 1544
4578 0
54 5102
0 0
1970 0
359 6437
6835 903
7506 1937
4387 4401
7689 6530
7146 7928
419 4612
6513 7321
0 0
4258 0
8407 7798
2433 0
4479 3817
0 0
3541 6948
3442 0
0 0
1832 0
342 4771
6899 888
3941 4041
1664 0
0 0
5087 9015
9387 8722
0 0
1501 0
0 0
0 0
4267 0
0 0
0 0
4514 0
0 0
0 0
0 0
8121 8787
3176 629
6571 0
4557 5450
0 0
0 0
9926 0
7007 1316
7047 0
0 0
0 0
8680 68
6815 0
0 0
0 0
2784 0
4577 0
305 6467
3633 0
377 0
0 0
0 0
2341 0
5203 0
4421 4866
549 0
4657 0
0 0
3889 7358
0 0
5455 0
8351 0
5808 6942
0 0
0 0
8204 0
0 0
0 0
4505 5123
0 0
8290 2559
0 0
282 0
0 0
0 0
4489 7065
4392 8484
380 0
7545 0
1302 0
7861 0
3199 2084
0 0
5056 0
0 0
7705 8116
6828 0
0 0
8889 0
9761 0
8248 1689
8789 4827
8117 0
7013 1408
4364 8325
0 0
712 2261
0 0
6096 2238
0 0
7658 0
5923 0
9634 0
8770 2350
7620 0
0 0
3394 0
6014 4809
146 4601
0 0
0 0
0 0
1699 6518
8085 0
0 0
0 0
0 0
0 0
0 0
123 9928
5707 6744
4335 9418
4966 8044
5810 8262
1959 5273
7036 5293
9382 0
8137 0
1856 9323
0 0
9092 0
4681 5038
9309 5070
7827 3630
0 0
1151 12
9584 4645
0 0
0 0
0 0
363 6912
8671 0
0 0
4214 0
7089 0
8727 0
6283 0
9190 0
0 0
0 0
0 0
490 87
0 0
0 0
8141 0
0 0
0 0
6453 0
3099 6767
0 0
0 0
3256 7530
1587 0
9172 3532
3767 930
0 0
0 0
6622 0
6449 7567
0 0
0 0
4790 3649
6704 2342
0 0
8645 3604
2082 6167
7288 0
0 0
4756 0
5439 5963
3025 931
9250 0
6301 0
0 0
7680 0
2265 8716
5721 4425
7881 0
3083 3615
3939 0
0 0
6290 0
5543 7876
7584 6972
1482 6399
6932 3914
4311 0
0 0
3143 0
5792 923
0 0
1924 5356
6386 9686
4160 281
486 0
0 0
0 0
935 0
315 0
6369 0
4282 0
6806 0
0 0
6390 2834
0 0
0 0
0 0
235 7046
8103 322
0 0
6794 0
106 0
0 0
8710 785
3146 0
4990 2861
0 0
0 0
0 0
0 0
0 0
0 0
6763 1418
1935 8040
8398 0
0 0
6595 0
2994 3444
5523 0
3650 423
0 0
2463 5062
0 0
4702 0
3720 0
4297 5667
0 0
1771 0
0 0
0 0
0 0
0 0
9243 0
6939 1555
0 0
9126 0
1015 8363
2013 0
3452 0
6628 0
5675 1445
101 0
393 0
5021 3886
6278 5813
9016 0
8934 0
760 9167
0 0
8275 0
3348 0
0 0
9681 1838
9310 0
0 0
6098 0
7593 4720
9238 5275
8424 2120
0 0
4326 7117
3052 0
4916 0
0 0
6246 0
0 0
8263 0
4085 8714
1504 0
0 0
0 0
7956 0
6440 0
9606 7840
1110 0
0 0
0 0
4516 9511
0 0
2226 5423
0 0
3871 641
2890 9204
0 0
0 0
4609 8539
6969 0
0 0
7471 0
3110 1210
0 0
0 0
0 0
0 0
0 0
0 0
6993 5895
7812 7656
0 0
279 0
8037 4951
7459 0
3840 0
0 0
0 0
4316 5373
0 0
3007 9539
0 0
0 0
1133 6617
0 0
2443 0
2901 4318
0 0
0 0
9774 0
0 0
0 0
6341 0
5825 0
3361 2842
6151 5210
0 0
4483 6377
0 0
8963 0
3167 0
6795 0
9581 0
4598 1819
1960 0
0 0
0 0
5567 7910
0 0
6295 0
5410 6635
0 0
7080 4778
321 5412
0 0
0 0
1528 8488
0 0
6734 1775
0 0
9391 4558
3581 0
3305 0
2589 0
3744 0
0 0
6011 0
6982 63
6537 0
0 0
7647 3901
5469 2405
1256 0
3450 0
6035 3990
0 0
8798 0
0 0
2568 420
1785 1551
0 0
0 0
6891 0
375 5083
1552 9993
1398 6907
9164 9299
7035 4277
0 0
1050 2548
9921 0
8759 128
0 0
3018 0
3465 3739
6113 1723
5049 0
0 0
9663 0
2675 4987
7337 8226
6339 2331
0 0
353 0
2547 6769
9585 9602
2018 0
7317 0
3451 2785
4701 9000
7521 837
7772 0
0 0
0 0
0 0
6421 0
6289 450
2005 1702
3859 6251
0 0
0 0
0 0
0 0
6221 3746
4373 5339
6557 0
1269 0
0 0
8382 0
0 0
0 0
0 0
0 0
6397 6882
1520 0
5643 5141
103 2055
3284 0
0 0
2778 0
1047 2231
0 0
0 0
1320 4215
8658 6169
0 0
0 0
165 0
9011 1268
4000 5928
5989 0
6293 0
9508 9791
713 0
9210 469
1946 0
9582 8347
2986 3784
0 0
0 0
0 0
1550 1400
7950 4014
4579 0
449 9954
0 0
7232 4622
0 0
0 0
0 0
3565 0
0 0
3243 4859
6459 0
1064 8896
5971 5823
5968 876
0 0
6610 3530
5846 0
9050 726
8909 0
0 0
5924 2764
3169 7609
9755 0
5718 5232
2593 0
6706 8331
6681 7023
0 0
0 0
226 3848
7236 11
2877 0
0 0
4407 0
0 0
8657 4679
2525 0
5296 2228
0 0
7262 0
1661 0
6422 2783
0 0
0 0
234 0
462 3493
2765 2835
0 0
1865 5268
2053 4824
9298 0
9822 0
5827 0
0 0
1332 2371
9154 0
1117 4749
2760 5627
208 0
0 0
8015 5230
5729 7508
2283 0
7667 0
0 0
7588 4259
157 8777
8758 0
0 0
0 0
0 0
2387 2583
4072 0
6689 0
0 0
0 0
8523 0
1402 0
6611 0
5507 4383
4321 3741
3717 1884
0 0
0 0
6926 0
247 0
6618 0
0 0
2348 0
0 0
5419 1726
1894 5646
0 0
293 0
0 0
0 0
0 0
0 0
5052 0
6201 0
1541 8334
5175 0
5775 1955
0 0
0 0
7522 9233
4740 0
639 0
0 0
4205 0
0 0
2762 8095
0 0
0 0
2118 0
0 0
3079 0
6316 0
0 0
0 0
0 0
5034 8970
0 0
5172 9354
4155 7354
0 0
0 0
0 0
126 5677
0 0
8318 5980
0 0
696 0
997 7026
1679 7336
0 0
0 0
6058 3031
4087 440
8014 0
6381 5900
0 0
3552 387
0 0
2529 7301
2732 0
0 0
0 0
0 0
6477 0
2814 4879
0 0
8161 0
6364 0
0 0
0 0
9847 0
4699 0
4796 8696
5723 1457
1963 0
0 0
0 0
0 0
5150 7054
0 0
2193 0
0 0
4521 0
5186 3700
5841 0
8743 0
0 0
5709 4736
8101 3368
6958 0
1105 0
0 0
0 0
9135 9096
0 0
0 0
0 0
0 0
0 0
4862 3623
5941 0
468 0
1835 0
5269 7004
0 0
4954 7361
8603 4243
1010 9769
0 0
2921 0
4276 6029
2054 8683
6910 0
0 0
0 0
2884 0
0 0
3620 5086
3336 0
0 0
0 0
284 0
8846 0
0 0
0 0
9560 0
4273 7682
0 0
2258 8294
6059 0
8775 0
1692 5462
0 0
0 0
8828 1997
9269 0
0 0
8214 1199
3306 0
0 0
0 0
5266 0
4580 9840
5511 7318
2440 0
8130 487
5561 5079
6337 9973
8887 6117
0 0
0 0
0 0
8546 5836
0 0
3209 9579
6043 0
7594 4176
1635 9854
9555 8873
0 0
6505 1682
0 0
167 0
1754 6056
1731 0
3024 6919
2308 9712
3783 0
3046 0
4526 6350
8456 203
9730 0
0 0
4340 873
2892 666
2500 0
6484 1057
0 0
6996 4449
0 0
0 0
502 0
0 0
9869 9068
2422 0
9247 1700
6452 1137
8594 2660
0 0
5865 6783
6730 0
0 0
0 0
385 0
3727 0
0 0
5343 0
3841 3813
0 0
0 0
9256 7697
2858 0
3946 8147
6551 777
4174 1654
5164 9658
1905 0
0 0
5753 4279
3665 9790
5591 0
4234 2472
5798 9385
2911 2802
6654 0
8370 8184
4906 916
6507 5942
0 0
6845 0
7201 6636
1945 0
0 0
8200 0
0 0
8368 3387
2478 0
0 0
3255 0
0 0
2569 3810
7587 4344
7817 0
5768 7666
5682 0
4212 9977
0 0
9288 0
2282 2668
2508 0
0 0
7793 0
0 0
0 0
4502 5362
0 0
8623 7875
9628 9794
5606 1337
9966 0
301 3171
0 0
969 8541
5305 0
9097 7312
6009 2526
4074 1965
0 0
0 0
3321 0
0 0
0 0
0 0
4986 9084
0 0
53 9337
4428 4572
0 0
7983 7127
4504 0
0 0
7941 8081
0 0
9746 0
5283 0
8600 9895
0 0
4218 0
4727 5022
693 2718
2753 0
3584 3876
0 0
3764 7027
0 0
5488 0
1281 725
4406 8300
430 5138
9429 8042
0 0
0 0
7010 7381
0 0
660 8982
0 0
0 0
8082 0
0 0
9366 973
0 0
0 0
0 0
0 0
6400 0
0 0
5211 0
9799 1029
9693 527
0 0
7258 0
2909 5196
2685 1947
9569 0
8122 6776
3393 5414
821 5618
7633 0
1004 483
0 0
7949 0
0 0
9677 0
0 0
4059 3415
9039 1351
5828 0
9882 0
0 0
0 0
6641 9147
9660 0
2581 4510
1425 0
3395 0
8719 5432
3516 0
2489 0
0 0
0 0
0 0
0 0
8718 2317
0 0
0 0
0 0
0 0
7732 0
0 0
5304 6368
0 0
5010 0
0 0
8663 3835
7390 4877
9466 0
0 0
3129 7920
3455 0
3507 4509
4980 5630
1804 8904
0 0
8005 0
0 0
0 0
1658 8277
0 0
8108 0
0 0
0 0
9404 0
5550 0
6005 0
9321 9437
8348 0
3523 1543
5385 0
0 0
1459 0
9168 0
4331 0
5368 3220
6468 0
8475 0
0 0
0 0
0 0
4952 3930
4564 4873
0 0
0 0
0 0
5659 4119
6147 6644
0 0
6485 0
0 0
5109 0
5323 0
1092 8268
0 0
3626 3825
0 0
7570 3957
0 0
3191 0
56 7162
8252 1300
0 0
9589 9552
1718 0
6044 7765
5303 0
9737 2173
4721 0
0 0
83 1422
8115 0
3905 9775
3667 9948
8948 4882
0 0
0 0
567 7695
0 0
0 0
4281 1588
0 0
4054 2273
4531 0
4812 5666
0 0
9542 8976
0 0
9655 929
0 0
1008 8013
5890 7879
2912 0
5800 0
0 0
2553 1534
2669 5179
5624 0
4308 6943
7591 0
7999 0
3618 0
0 0
0 0
3872 0
0 0
236 0
0 0
5146 4988
4997 8447
7592 0
0 0
1461 0
7781 3489
8590 0
1079 8812
0 0
2991 0
4998 3021
2793 7209
3030 9597
84 7195
846 8476
6593 0
0 0
6208 2487
3948 9721
5168 0
0 0
1467 6973
5165 2168
3366 0
3918 0
7238 6772
8006 0
0 0
4231 0
95 0
913 8003
1312 0
5972 9033
1401 0
0 0
0 0
6653 160
2174 0
0 0
8574 4880
451 0
6929 0
8343 3551
0 0
0 0
0 0
0 0
0 0
0 0
2906 505
752 0
0 0
3964 0
1834 695
1387 0
0 0
0 0
0 0
4145 0
0 0
7538 9010
0 0
5631 5699
2709 7880
0 0
4018 1782
1442 0
0 0
2640 0
5850 687
252 0
9396 3745
5803 4052
3821 5594
0 0
5915 699
0 0
6659 0
0 0
688 0
1161 5035
0 0
3314 7248
0 0
0 0
0 0
0 0
0 0
1305 0
0 0
1677 0
0 0
0 0
7302 0
6378 1844
0 0
0 0
6004 4313
6955 3036
8412 0
0 0
0 0
0 0
6652 9227
5714 9246
1470 6184
6821 4137
1410 0
7662 0
4975 0
470 2175
0 0
0 0
0 0
3780 0
0 0
8034 7578
875 0
3095 0
0 0
1668 0
6563 2251
0 0
4891 0
0 0
8508 0
5609 0
0 0
0 0
0 0
0 0
255 0
2734 9248
9573 9411
7138 0
0 0
0 0
5993 5380
6321 1356
0 0
7606 0
8737 5498
0 0
5512 0
0 0
1784 3737
573 0
4372 0
9183 7380
3562 0
2863 0
8291 6442
4861 2514
0 0
8112 0
0 0
0 0
3916 8951
0 0
3192 0
6003 0
4422 1270
5479 1629
763 7874
769 5911
0 0
4125 0
0 0
0 0
6272 0
732 880
5867 7199
0 0
0 0
8538 0
5127 0
8169 597
6360 8930
5617 0
4801 0
0 0
0 0
9916 0
3592 0
5757 0
5740 286
0 0
0 0
3165 7644
0 0
9605 0
0 0
5655 7182
522 8833
4109 0
529 0
7767 8338
5388 0
8774 0
2011 7328
1952 0
0 0
8937 0
2494 5378
6566 3000
6493 0
0 0
4360 1348
949 0
6743 0
0 0
0 0
0 0
0 0
3754 2359
0 0
2446 0
6928 0
1737 0
0 0
4027 0
7106 0
9540 7395
8011 0
1051 0
7897 4220
0 0
5208 0
0 0
6172 0
0 0
0 0
3683 7411
3860 0
0 0
1393 0
1748 7743
834 4294
3270 9428
6432 0
1143 0
7432 4565
557 3003
3207 0
2243 6226
7220 0
7597 4073
4066 0
0 0
2098 5743
0 0
0 0
5206 0
6136 0
754 3645
2170 6317
0 0
961 0
0 0
2817 0
7595 0
0 0
9214 0
5943 9394
1532 0
0 0
0 0
9274 9363
6153 5724
0 0
2891 5054
0 0
2356 6027
3842 2708
3777 0
0 0
6006 6655
6802 0
2306 0
2797 5298
3399 0
8235 5969
0 0
8886 3481
5680 0
3203 4363
0 0
6755 0
6739 5761
442 0
918 0
4495 3181
0 0
4634 0
0 0
0 0
2293 0
1016 0
0 0
1863 8445
0 0
0 0
5027 6619
4942 0
1200 2735
2499 9032
9588 0
0 0
0 0
7854 3580
9064 6270
9851 5071
5654 6209
9616 9827
3736 0
3091 1177
0 0
0 0
3117 0
0 0
7037 0
0 0
5640 0
0 0
3925 0
0 0
0 0
4465 2530
0 0
706 2535
8678 0
5733 0
0 0
6186 0
1313 587
6472 7108
0 0
8776 0
6855 0
7984 0
6731 0
3935 0
0 0
4541 7063
1860 0
0 0
0 0
3668 0
0 0
82 0
7954 0
481 0
0 0
9046 0
0 0
0 0
9804 0
0 0
2539 4478
5589 2140
0 0
689 6090
6590 0
4123 0
592 9494
0 0
0 0
0 0
0 0
3732 5365
3989 8571
3652 0
9781 2212
2292 5241
6389 0
6049 2948
4958 0
3829 0
8163 682
6600 3589
6578 0
0 0
0 0
0 0
4099 0
4416 9611
5221 0
9975 5367
7878 0
736 6986
0 0
2290 2060
0 0
882 4674
411 0
7210 5242
8177 8572
7129 0
1759 33
3991 0
872 4317
0 0
1373 4361
0 0
0 0
0 0
0 0
6715 0
3330 8659
5509 0
0 0
5223 0
0 0
5430 0
1665 0
6552 0
4724 0
0 0
0 0
7511 2279
0 0
18 5685
3826 7256
709 3137
9592 0
5335 0
0 0
3136 0
4358 4001
9692 1839
2598 4874
1887 0
5033 0
5905 0
5947 2131
3208 0
8799 0
0 0
4431 0
0 0
0 0
1736 3789
8569 0
6629 0
0 0
0 0
0 0
0 0
4656 0
1206 1245
0 0
5869 9705
3218 0
0 0
0 0
8379 0
6001 1156
1969 0
9178 0
0 0
0 0
0 0
1537 0
2275 3814
0 0
7964 0
1892 0
7077 9964
1768 535
0 0
0 0
685 0
7850 7568
3570 0
0 0
9364 6219
9754 5317
5894 4729
0 0
0 0
9109 0
7360 0
9350 0
0 0
7652 9446
2150 0
0 0
461 0
5148 0
8796 0
0 0
5158 5007
0 0
0 0
3933 0
8096 4715
0 0
5938 974
5756 0
317 4957
1101 9713
7454 9013
0 0
5580 0
6892 6656
0 0
1222 0
1507 0
0 0
64 9700
9438 0
0 0
2267 0
0 0
0 0
6328 8416
0 0
1745 7208
0 0
2723 3685
7105 3854
976 0
578 0
8144 0
946 0
0 0
9898 0
6488 8783
0 0
0 0
0 0
0 0
0 0
9320 5997
0 0
1130 0
6598 0
899 0
830 0
0 0
0 0
1279 0
0 0
0 0
3405 0
0 0
0 0
0 0
8413 0
7181 5564
0 0
0 0
1219 1397
3328 9520
0 0
0 0
0 0
9447 0
1657 0
0 0
0 0
3166 0
959 6092
8953 2619
1831 5334
0 0
8500 2495
9384 1820
9656 0
0 0
8162 5064
6667 6418
0 0
6521 2871
3184 0
0 0
0 0
0 0
4355 9192
8549 0
0 0
2647 0
5387 0
5612 0
0 0
105 1194
4535 7028
0 0
824 0
0 0
8286 0
0 0
5484 0
9268 8052
3502 1094
0 0
3891 0
0 0
0 0
0 0
0 0
9894 0
0 0
5626 0
174 1294
6840 0
4175 0
0 0
0 0
0 0
6707 0
0 0
3479 0
0 0
0 0
3724 0
8983 0
0 0
0 0
8981 0
0 0
4867 0
690 9201
4032 0
0 0
2027 2215
0 0
3281 0
1660 3147
0 0
6564 0
4367 7499
0 0
2726 5518
2843 9123
5766 786
3195 6793
5650 0
0 0
473 8642
0 0
9601 6684
4649 1203
6388 8578
7447 3750
7784 5167
5352 0
6753 0
508 3303
0 0
0 0
2683 1845
335 0
6830 0
0 0
9591 0
4907 8583
1466 2280
621 8628
6217 0
7114 5076
0 0
591 751
4252 7480
0 0
9643 0
3253 9653
9308 5966
0 0
9193 7222
8282 2059
4615 0
0 0
8748 0
8359 0
1823 0
0 0
8016 8076
0 0
8882 0
7528 1295
0 0
0 0
8547 0
2012 6645
3514 0
0 0
8688 0
9143 0
3409 0
1626 0
7060 0
0 0
0 0
0 0
9861 5572
1125 1882
413 0
5326 0
6998 7778
1540 9341
0 0
2580 0
9619 0
0 0
9393 3681
7043 4152
8509 0
8637 499
768 5042
5101 370
1163 0
791 0
6008 0
5623 7722
0 0
0 0
6814 7877
2627 0
0 0
4227 0
3768 2698
0 0
7490 0
0 0
6175 0
6548 0
0 0
6556 0
989 9625
5731 8187
6223 0
0 0
3423 0
0 0
0 0
9715 0
7650 0
0 0
9267 2259
5449 5004
323 0
6902 0
0 0
4914 4922
9699 6869
0 0
9482 0
7751 8232
0 0
2961 6953
0 0
0 0
2794 0
0 0
0 0
1041 9989
0 0
61 980
0 0
0 0
7546 0
8923 0
3391 0
0 0
4561 8207
3276 9576
0 0
1822 1921
7049 5891
3519 0
0 0
8852 0
6669 0
5080 2229
6351 6616
6799 2655
5351 1474
9139 8491
1874 9270
0 0
2766 0
0 0
1455 0
7833 7314
155 2623
0 0
0 0
0 0
0 0
0 0
0 0
4255 0
9484 595
6122 0
6506 0
4061 3961
7309 941
7231 0
2068 0
2711 7525
7053 1730
6621 0
0 0
0 0
7958 0
0 0
5730 0
7409 6192
7397 0
0 0
0 0
0 0
4371 3265
0 0
0 0
9624 308
9932 0
7745 5024
7382 0
8611 9272
3822 8610
7341 5629
5110 0
0 0
0 0
2219 0
5694 8055
2847 0
0 0
0 0
9848 0
1985 8086
0 0
0 0
7350 0
5030 7688
7398 0
0 0
2634 2836
7540 5009
0 0
0 0
0 0
2736 6861
7445 3915
9048 0
6596 319
8795 296
2587 0
4374 0
0 0
5856 1120
437 9566
6565 7730
0 0
4836 0
2616 8849
466 8933
0 0
2566 0
4240 6142
0 0
1971 6450
1438 0
4474 3953
9518 0
8292 3163
5374 8402
1559 0
0 0
4338 0
6149 9004
0 0
2458 0
1160 4486
0 0
0 0
0 0
0 0
6499 0
4426 7057
2222 0
0 0
2865 2028
5434 0
8602 133
4048 0
0 0
6464 0
0 0
2171 0
8175 0
4021 0
6344 0
6967 6132
0 0
8946 7750
1584 0
3647 150
0 0
4151 7938
0 0
0 0
4437 6491
7095 2695
0 0
6411 6230
0 0
9709 0
8439 5725
163 0
0 0
1719 0
0 0
6553 0
7863 0
9678 0
7444 0
7681 0
1621 0
1777 0
5416 0
0 0
671 8740
0 0
1330 0
9537 0
0 0
8330 0
2546 1634
8818 9041
0 0
3372 6694
8311 0
5349 0
2073 0
4635 0
4776 0
0 0
9030 0
0 0
9475 3956
0 0
4855 0
0 0
9529 0
1979 1572
8489 0
1128 4157
0 0
0 0
0 0
7534 5628
3752 963
2981 7733
0 0
2424 0
6326 0
0 0
4187 6392
0 0
7304 0
0 0
8281 7429
8449 0
0 0
8643 0
0 0
967 311
0 0
497 0
885 0
1701 0
8813 5437
3877 936
0 0
4631 5688
7671 4097
1186 0
3697 7830
2183 0
0 0
9440 9902
0 0
3299 6332
1340 0
0 0
9814 3160
0 0
0 0
4536 6106
0 0
1014 0
6720 0
9277 0
3155 9530
1593 0
1640 0
9450 2770
6992 0
1990 0
0 0
0 0
4312 0
0 0
0 0
5217 563
776 3679
256 491
8751 0
7791 0
3950 0
8550 9698
2108 1639
6256 0
0 0
2786 7186
0 0
3386 0
0 0
0 0
816 4619
0 0
2189 0
2454 0
8419 2119
2234 0
0 0
1989 0
8706 6408
0 0
8155 674
6895 4777
7627 7715
0 0
8378 99
0 0
5018 3066
0 0
4970 0
8745 0
9667 0
9144 6140
9213 0
0 0
5307 8024
3260 0
7924 2796
0 0
2966 0
4830 0
0 0
0 0
0 0
0 0
0 0
0 0
3713 0
0 0
0 0
0 0
1891 2832
0 0
0 0
0 0
1938 0
5759 3380
0 0
6680 0
7147 7704
4042 5376
0 0
9489 8958
6925 0
72 9507
5438 0
7468 8518
2393 0
5888 9915
0 0
1578 6759
8271 7672
4534 6475
3308 0
9823 4743
0 0
0 0
0 0
1224 4134
0 0
4515 4909
9170 7032
0 0
1297 0
0 0
1498 0
2491 3753
5491 0
113 9292
8790 0
0 0
0 0
7787 0
5023 3077
2574 5535
2287 130
4780 1458
0 0
0 0
0 0
0 0
7755 7951
3063 9971
3252 9976
1063 0
9834 0
0 0
9865 0
3410 0
8791 7371
0 0
3100 4077
7552 0
0 0
3262 7069
2929 2628
5044 9062
0 0
0 0
0 0
8957 9073
2070 0
2978 2042
0 0
0 0
8943 2501
0 0
0 0
0 0
6541 0
0 0
5006 0
0 0
0 0
5160 0
2469 700
4863 2664
0 0
6028 3614
0 0
7083 0
5084 8965
6473 0
7278 0
6879 4865
0 0
0 0
0 0
7744 2079
4091 0
0 0
0 0
8120 0
8516 0
0 0
7825 0
4013 0
0 0
9723 0
4554 6724
1392 1667
2604 0
3772 3509
4791 0
4926 8991
2678 7579
0 0
0 0
7753 0
0 0
0 0
8194 0
3596 4162
9208 0
0 0
2965 0
8092 0
0 0
5652 0
268 5136
3275 0
737 0
0 0
920 5738
1067 0
0 0
6338 8119
0 0
2117 0
1512 4008
0 0
6900 3111
0 0
9302 0
1258 0
8466 4868
1227 0
9232 0
0 0
192 0
0 0
2560 0
0 0
9831 9739
0 0
0 0
0 0
583 3088
3474 956
2445 0
6248 9370
0 0
0 0
0 0
8132 3707
7438 7340
4089 5600
7909 3193
3072 0
1424 0
0 0
4080 5311
6093 3583
7516 4956
5840 0
5554 0
0 0
0 0
0 0
1138 7893
316 2562
6625 0
3049 0
9128 0
8940 2780
0 0
9728 9719
2413 5710
6041 6342
0 0
6137 2185
0 0
0 0
202 3365
0 0
5188 0
7502 0
0 0
1394 0
5308 9645
5151 3094
1518 924
4418 9275
2038 0
7119 1360
5878 0
1148 0
0 0
7802 6191
0 0
7329 4716
5548 3769
1329 0
7866 2093
4947 0
9286 0
338 0
9990 4709
6227 4677
0 0
0 0
5796 0
8251 8862
9333 7096
4044 0
8198 0
8654 0
1065 0
7103 4060
4842 2141
0 0
3466 0
4249 3177
602 0
2737 0
7916 374
4787 0
0 0
1460 0
0 0
0 0
8464 634
159 0
4232 3995
0 0
0 0
5126 0
2705 0
0 0
4646 0
8067 8952
0 0
9825 7774
0 0
341 0
2375 0
8753 0
0 0
4898 0
5332 0
907 2956
7699 0
4103 1179
6500 0
6573 0
0 0
1241 2839
0 0
9918 7663
5818 0
5964 0
4092 4217
0 0
0 0
3554 0
0 0
8661 0
7971 5073
0 0
7572 4260
0 0
0 0
7225 0
0 0
8914 8017
0 0
6062 514
3520 0
5292 0
0 0
0 0
9743 5281
7203 0
1980 4266
91 3929
0 0
8150 9416
0 0
0 0
0 0
9251 0
1437 555
2162 0
3070 231
0 0
2552 0
2313 0
0 0
7512 1859
0 0
8772 0
0 0
640 0
0 0
5043 0
0 0
0 0
0 0
0 0
7235 7789
10000 1037
4967 9376
0 0
1546 3662
0 0
4310 0
9714 2758
1741 4268
8051 7873
7357 0
0 0
0 0
9151 0
6865 0
9392 2498
0 0
9169 0
4002 0
153 0
0 0
0 0
0 0
879 6203
2182 7560
1036 0
9752 0
5569 0
0 0
0 0
3728 2365
9202 0
0 0
7326 0
0 0
4323 0
0 0
7104 9536
0 0
1471 0
0 0
3263 4617
2476 9962
4945 4903
2269 369
0 0
7995 0
0 0
0 0
5862 6674
8993 0
0 0
8077 0
0 0
3858 0
9349 1521
627 0
4461 4319
9313 2360
1711 2236
0 0
0 0
7275 0
0 0
9098 6261
5978 9883
395 1465
3759 2900
0 0
0 0
8936 0
45 2603
4596 9598
5583 262
9527 6751
1235 0
0 0
1943 6997
5794 0
4568 2067
438 5314
1049 2274
0 0
6444 6658
0 0
1672 2980
0 0
6836 0
9844 3887
7577 0
0 0
4820 0
6999 0
4188 5162
0 0
7746 0
8604 4104
5355 0
4545 6766
238 9406
0 0
7842 0
5927 0
2974 0
2518 2456
0 0
9049 6876
8850 0
5821 4758
7598 0
0 0
1596 418
2815 0
6296 0
0 0
6597 0
0 0
0 0
1762 378
9787 1563
8555 0
5202 0
8570 0
1806 7122
8469 9820
5233 7497
0 0
0 0
756 7038
0 0
0 0
4718 0
0 0
1005 0
0 0
2756 0
2866 0
0 0
1433 0
0 0
4671 9362
9252 0
0 0
0 0
0 0
3230 510
0 0
0 0
0 0
9852 8243
8205 0
7059 600
8065 8992
4261 0
9319 6646
0 0
0 0
7832 2399
6016 9249
5909 8279
7762 1154
0 0
0 0
0 0
2139 0
8165 6832
7311 0
9526 8676
0 0
6853 0
8366 8078
5464 3794
7230 0
6980 4972
0 0
9368 7446
5218 0
9315 8504
8635 5252
0 0
0 0
1803 0
9646 3178
2887 0
0 0
5921 0
7171 0
3527 1040
3678 0
1602 0
0 0
5558 0
0 0
7604 2235
5057 7287
7227 6864
0 0
6375 0
6634 0
0 0
0 0
0 0
6867 2731
0 0
2344 6786
0 0
944 4910
0 0
0 0
8926 1862
0 0
0 0
0 0
6501 8190
9786 0
2521 8231
9241 0
4385 9444
0 0
7613 6274
6063 0
1812 9583
0 0
1489 0
8041 0
0 0
6196 1733
0 0
5696 0
6524 4620
1280 0
0 0
3660 3852
6863 8639
5120 1260
8421 0
0 0
8395 2246
5835 0
0 0
7153 0
9203 1994
8046 7700
0 0
9339 7464
0 0
1399 0
8440 0
2949 914
6254 0
8185 0
5108 5250
5245 9316
1695 0
1368 772
2105 984
4935 518
0 0
0 0
0 0
5454 7944
9872 1542
0 0
4015 0
1013 0
5279 9264
4698 0
0 0
0 0
0 0
0 0
0 0
0 0
4763 5990
4305 0
0 0
6758 0
1697 0
0 0
5234 9911
6065 0
4525 6180
0 0
2305 6057
0 0
0 0
1275 3476
3068 0
1226 0
7696 6479
79 1025
0 0
3711 1852
0 0
5663 295
5760 3938
0 0
2777 4468
5695 132
7500 0
3187 558
6211 5065
5276 0
9133 7310
0 0
4135 222
2391 8863
2724 8513
0 0
0 0
1012 0
7761 0
0 0
1343 4453
4320 0
2019 0
2663 3974
0 0
0 0
3492 0
8267 6150
8154 8298
0 0
570 0
1787 3526
2211 0
0 0
6398 4764
7166 0
0 0
7547 6575
8689 8788
0 0
8171 3486
3101 0
1253 5002
3392 0
3874 0
1164 0
9701 8327
0 0
0 0
0 0
6908 6120
0 0
5801 0
4588 0
2076 0
7756 0
9768 7977
863 0
6660 0
0 0
1909 5361
0 0
6531 7915
5493 5031
0 0
9469 0
6215 432
3019 0
8898 1669
180 3210
7283 5153
749 2007
6309 1213
2652 76
0 0
0 0
9395 7342
7862 0
0 0
3561 3251
3015 9262
4351 7503
0 0
889 0
318 8806
937 5097
0 0
0 0
4035 2085
0 0
390 5790
8230 55
0 0
0 0
2659 0
6365 5995
9173 0
0 0
0 0
9839 176
0 0
5456 3766
1449 3495
9741 0
0 0
0 0
0 0
0 0
403 0
631 0
0 0
0 0
4742 0
8969 1673
6015 0
6294 119
0 0
7289 8457
3219 0
1613 1885
0 0
8920 3862
7965 0
7476 0
0 0
0 0
8797 9867
5280 5784
0 0
0 0
7589 0
4108 3059
5777 2930
8632 616
0 0
0 0
0 0
6291 9234
782 0
8615 0
1277 4785
9710 2681
1405 0
0 0
1781 6285
3949 0
0 0
4265 9075
1986 1371
0 0
0 0
2582 2572
7421 0
0 0
3211 0
1893 1204
0 0
7747 1780
7504 1651
1638 0
7419 2769
0 0
0 0
3577 0
6446 0
6154 1214
0 0
2917 5633
6944 0
0 0
6974 0
1799 3978
0 0
0 0
1071 0
1793 0
0 0
8274 0
0 0
0 0
4153 0
0 0
1475 4190
5772 1463
9086 0
0 0
4177 410
4999 0
9575 0
838 0
0 0
9666 4491
0 0
4045 0
8875 0
5937 0
8179 0
3001 2241
0 0
2210 4081
0 0
3899 0
4221 5745
0 0
6253 8319
3512 0
6725 0
0 0
0 0
0 0
0 0
9433 5639
0 0
0 0
0 0
7271 4295
5700 0
0 0
1378 0
8380 6348
7997 2927
2153 0
7935 0
3757 355
6752 1027
8239 7313
0 0
2124 966
8998 161
0 0
6934 4819
8444 0
0 0
1074 9744
8467 0
2613 5949
5140 0
2772 4816
5236 3060
0 0
5256 0
1857 9421
5453 0
4851 0
4117 9365
0 0
4159 0
0 0
8646 4445
0 0
8422 0
2218 0
9792 0
2945 0
2745 0
4753 823
5461 0
5704 3913
0 0
3640 0
6790 0
0 0
5832 6765
0 0
0 0
1942 2300
0 0
0 0
9652 0
6127 0
74 5012
8764 0
0 0
6324 4996
1292 0
224 0
2110 0
7388 0
0 0
0 0
5571 0
6130 8691
1655 8451
7783 0
0 0
5811 0
624 7531
8059 300
3378 0
0 0
1764 193
0 0
4278 4158
9685 0
0 0
9219 3478
7263 0
9052 0
0 0
3418 3374
0 0
0 0
3106 1388
0 0
0 0
0 0
3669 3096
0 0
0 0
0 0
7188 2905
5467 0
3613 6945
2969 9021
0 0
0 0
2880 7939
3498 7055
9630 2541
2406 0
0 0
7814 1999
0 0
4181 3475
9374 6435
0 0
4728 0
5551 895
4687 0
0 0
554 0
0 0
8560 7585
6824 0
0 0
5857 6568
0 0
1109 4263
8613 0
7573 399
6898 0
5933 8470
5780 7844
3787 0
0 0
0 0
1 0
0 0
3457 1567
4523 0
0 0
2524 2058
0 0
7428 0
0 0
0 0
0 0
5771 0
5390 0
1208 0
9495 1264
2979 0
2933 0
6313 0
0 0
9207 1796
0 0
0 0
0 0
8023 0
5635 4959
2468 8036
0 0
3868 0
0 0
8567 1795
8929 4725
0 0
0 0
1259 0
5819 0
409 0
0 0
5457 2123
0 0
2102 2326
9445 8249
0 0
985 88
0 0
8597 4284
5538 6331
3231 0
331 5346
2346 9896
0 0
6275 0
0 0
3447 4427
0 0
5014 0
0 0
8742 9474
7332 9534
0 0
7149 0
5470 0
4189 9417
4962 0
6026 9377
5715 7457
2165 6064
185 1931
2392 3054
3257 4191
0 0
0 0
3323 0
4685 0
248 5769
6609 0
0 0
0 0
0 0
6736 0
9114 3341
6823 9487
747 8814
0 0
7837 0
8665 0
0 0
0 0
3148 0
8406 0
5529 0
0 0
0 0
5922 8384
0 0
6141 0
7636 2620
8924 7307
4815 0
0 0
1483 3078
8713 2460
0 0
448 0
7137 9860
8625 4876
8129 7169
3951 6045
0 0
723 0
2907 8004
0 0
5143 7353
1341 8191
5330 7993
9515 0
8126 1788
0 0
5096 7737
8822 2975
181 4694
5409 9460
2035 0
4755 4854
8902 0
0 0
1284 0
7154 0
8874 5028
0 0
5013 0
1561 0
5471 3431
798 0
0 0
0 0
5287 0
6544 4164
0 0
2506 4140
0 0
0 0
6267 0
5974 0
3942 0
2885 0
5134 0
3576 0
5977 0
9992 7902
3402 8865
8609 759
805 0
8473 2466
1447 773
8514 945
2674 0
0 0
1631 0
1165 5764
3170 0
3411 0
4869 0
50 5613
6356 0
6668 0
0 0
7196 8780
3175 0
0 0
0 0
1440 0
2595 7596
4976 0
1131 2682
5762 2680
4513 6441
3298 0
6463 1611
7379 0
5039 0
1231 0
6476 0
0 0
9087 0
1314 6176
0 0
9502 0
0 0
2155 0
0 0
0 0
8825 0
757 9278
0 0
8257 2833
5793 6509
6881 0
0 0
3245 0
0 0
6888 6366
5954 3485
746 1934
1055 3295
3940 3557
5398 8883
0 0
0 0
9626 78
0 0
0 0
1625 0
1416 0
8715 0
5956 0
7923 9620
2401 0
2447 4912
9996 0
8805 5032
0 0
6195 3494
5180 4883
0 0
0 0
6354 0
4852 0
7085 0
0 0
0 0
9294 5189
9826 5359
0 0
0 0
13 0
4070 2886
8428 0
0 0
5906 0
0 0
5581 8072
3090 0
1375 4551
0 0
0 0
0 0
7486 0
667 0
5135 1529
7359 5157
0 0
0 0
0 0
0 0
2310 0
6487 0
5393 330
521 5099
7479 0
4028 5048
1195 9651
4082 8994
6894 0
6040 4037
8897 7626
8521 9567
0 0
4871 0
705 4280
3470 939
4272 0
0 0
0 0
1645 0
0 0
3882 5689
5961 0
2314 5864
4115 0
1982 0
0 0
2697 9955
3398 5616
2100 6461
0 0
7126 0
4473 3943
0 0
0 0
7555 0
4069 3980
5055 1830
3238 0
8113 0
1472 8212
4382 7645
4156 8058
0 0
7889 3045
0 0
0 0
0 0
7748 0
3701 1385
0 0
8492 9483
9012 0
5228 3403
0 0
6025 5849
1242 0
0 0
6457 0
0 0
3742 0
2049 6255
9742 1353
2377 0
7183 5443
3064 0
0 0
7048 7404
2349 0
2343 0
0 0
4395 0
350 0
6529 9613
4712 302
3518 0
0 0
0 0
0 0
2113 0
201 5814
7139 9352
6959 7872
0 0
0 0
8344 0
4989 0
0 0
3782 4695
0 0
4448 4067
4007 0
3919 0
3795 5318
0 0
4430 720
758 1081
9596 6182
7885 0
1976 0
7805 2748
0 0
9919 7489
2527 5951
0 0
4207 0
0 0
0 0
9779 0
0 0
0 0
5739 5539
3731 4940
841 6896
851 0
0 0
5866 0
9718 0
0 0
1225 0
0 0
0 0
6304 0
0 0
1808 0
1805 6241
0 0
7575 2220
568 4439
5929 0
0 0
9432 1080
0 0
0 0
6678 0
67 0
6010 7930
0 0
0 0
0 0
0 0
6268 4896
2609 0
0 0
675 0
7124 6333
1508 0
0 0
0 0
6586 707
3004 0
8048 0
7717 0
5145 0
0 0
0 0
2703 7276
8596 4423
721 0
70 23
0 0
7828 0
2127 5854
0 0
0 0
4116 0
3533 0
1338 6075
0 0
0 0
7932 0
3113 3591
9738 0
0 0
0 0
808 4870
0 0
993 0
0 0
0 0
0 0
3212 1090
8247 4885
225 0
0 0
9900 4441
0 0
569 6218
8289 995
0 0
5679 7651
0 0
5899 0
0 0
5931 1791
617 4767
0 0
0 0
3038 6975
0 0
2676 0
358 2357
0 0
6199 0
7405 4006
0 0
9479 0
2940 6420
379 7693
0 0
5306 8726
7259 1774
0 0
3344 855
0 0
3715 0
0 0
2277 0
0 0
6572 7710
2430 5243
0 0
4444 0
1124 0
3735 5904
0 0
5676 8459
0 0
259 0
0 0
4835 9644
3017 0
5871 5782
2431 4492
6349 0
0 0
5758 0
0 0
0 0
0 0
8164 3010
0 0
184 0
9221 0
8376 371
0 0
0 0
0 0
3248 0
3027 0
0 0
0 0
4053 0
8927 0
0 0
8139 0
8461 0
1327 0
0 0
4563 5568
4899 1824
0 0
6931 0
2789 0
0 0
0 0
5636 2026
0 0
3044 9031
0 0
1364 8423
3215 0
9488 0
1751 7617
4642 0
474 8170
6126 0
0 0
2187 0
9604 0
0 0
8353 0
8821 0
0 0
229 532
6818 9879
3266 3936
5877 0
891 0
2432 612
0 0
5953 0
2045 0
1323 0
406 0
9941 6244
3347 4090
9740 0
6921 0
0 0
0 0
265 149
7553 8761
0 0
669 0
5205 0
8950 6577
0 0
0 0
3135 0
3663 7702
5981 4211
9770 6579
0 0
6543 0
6083 8222
0 0
0 0
910 3214
97 8528
3490 0
2106 4170
579 98
8394 0
9524 0
398 0
6580 0
493 7156
3229 6651
5845 1618
0 0
6690 0
1776 0
2318 2588
536 0
901 8216
0 0
0 0
9454 3429
0 0
0 0
5776 5238
3318 0
943 0
0 0
0 0
2638 2691
0 0
9550 0
4055 290
7559 0
9389 0
4095 0
9102 0
4688 8557
2438 8215
4930 9441
4339 0
5610 0
4811 3952
1262 6620
0 0
4362 0
3312 356
0 0
3132 8841
0 0
5537 0
922 7806
127 0
692 6804
1033 0
2197 4892
864 2844
0 0
4887 0
2592 4927
2874 0
0 0
817 1233
0 0
2998 0
3122 9465
0 0
0 0
6842 2888
1573 4838
9501 0
4165 0
0 0
8027 36
0 0
0 0
5407 0
3201 0
6581 7775
3047 7076
485 9828
0 0
3675 2481
6037 6582
9978 0
7472 5195
6909 7707
0 0
0 0
4405 1430
5468 0
0 0
0 0
0 0
0 0
1150 0
8765 0
1958 3467
5424 0
5370 0
3246 0
3984 3606
116 2072
6214 0
3023 4621
7465 0
9708 0
7221 3602
0 0
5297 0
0 0
5602 1932
0 0
3158 0
1352 0
7285 0
5411 0
0 0
912 0
7366 4618
1085 0
2816 5886
2853 6687
9344 0
3816 0
8792 5246
0 0
6320 1527
0 0
2523 1549
0 0
0 0
9622 0
7933 0
0 0
7286 0
7925 9944
5693 0
1452 9037
0 0
6623 1252
3133 0
0 0
828 0
0 0
3595 3751
3390 8418
7642 8907
2407 0
9618 2169
2339 0
0 0
9808 0
6082 0
0 0
0 0
0 0
4118 8837
3906 2289
0 0
525 0
0 0
7333 5075
0 0
3093 0
2977 0
7943 4058
0 0
6394 6385
0 0
8346 819
0 0
0 0
540 0
0 0
1623 9961
5599 140
2799 6745
3500 0
1142 1144
8964 0
7439 0
0 0
0 0
4693 6781
2968 0
5066 546
1627 183
9670 0
7554 0
1620 4299
4106 0
5328 0
0 0
8375 1122
0 0
7641 8971
0 0
6078 1888
0 0
0 0
5501 0
0 0
1170 0
5442 1920
4435 8545
1810 6754
4814 2470
0 0
1880 0
1497 9890
0 0
0 0
7520 0
0 0
102 0
0 0
5194 0
6371 3400
6161 0
7968 0
0 0
0 0
0 0
9661 0
6146 0
0 0
724 0
7632 8339
0 0
8986 840
0 0
2311 5342
0 0
9607 0
0 0
0 0
0 0
145 0
0 0
2894 1333
5593 1412
4667 0
832 0
7165 9564
3202 3164
8131 0
0 0
1157 4149
5705 2811
6738 8784
9457 4770
4752 5647
0 0
3291 0
6833 9194
2319 1589
9922 0
1476 0
0 0
0 0
0 0
3329 0
0 0
5427 0
0 0
0 0
3313 5549
2482 34
7758 5917
0 0
0 0
1617 0
1346 1998
0 0
8501 4860
1604 230
9468 0
0 0
0 0
5406 1403
0 0
2626 0
9420 0
5876 1395
0 0
2556 0
5490 8916
1176 8769
0 0
2509 1382
412 0
0 0
7752 9684
3197 6081
0 0
0 0
0 0
5278 2143
0 0
1106 877
0 0
7716 3162
0 0
1930 0
0 0
5574 0
3350 2970
6052 0
6665 0
0 0
5500 4512
0 0
1519 0
5482 0
6111 6430
2435 1562
6187 9283
0 0
0 0
3884 4287
8404 0
6841 0
5697 8520
8481 0
0 0
471 2962
2078 0
8782 0
9367 0
9253 5781
7562 0
0 0
8997 5914
9149 0
0 0
3233 4102
0 0
0 0
2561 0
0 0
3371 2364
2372 0
0 0
854 859
2281 404
610 0
0 0
1126 8022
480 0
0 0
3844 8193
3279 4442
0 0
9783 2477
9504 0
1524 0
0 0
0 0
7649 221
7212 4390
7458 0
4555 0
5515 2601
8728 0
0 0
0 0
9318 9930
0 0
6710 7414
6670 0
8949 2522
2444 3382
0 0
0 0
2590 6155
7163 7723
6232 9390
0 0
9970 0
5901 1439
0 0
727 9261
6099 7012
0 0
9868 0
9568 5817
0 0
0 0
4019 0
0 0
9422 0
1687 6901
8269 0
6717 3785
8893 0
0 0
0 0
650 3676
5240 0
2536 2181
0 0
5329 266
8430 3656
0 0
552 0
3963 7974
5200 9893
0 0
1619 6280
0 0
429 6061
3053 0
0 0
0 0
8497 0
2376 0
0 0
0 0
9124 5161
0 0
4710 0
1868 2378
7970 0
0 0
4925 0
4348 3646
620 0
0 0
0 0
0 0
3653 648
0 0
1345 0
1059 1869
0 0
0 0
1696 0
0 0
7634 0
4051 0
4366 0
8815 0
2385 0
2788 0
1001 0
0 0
7291 5026
9162 0
797 6220
0 0
0 0
5641 6000
6380 0
0 0
0 0
6393 0
4798 0
5379 0
0 0
0 0
3796 0
0 0
0 0
6920 241
2850 3128
5741 0
0 0
1760 1535
1462 1510
7135 0
154 9176
4256 0
755 0
1072 9265
7975 8879
3488 4144
0 0
3762 0
3883 5316
0 0
3603 6927
9627 0
1003 0
1514 0
7431 0
6311 8025
2606 0
9899 120
0 0
4640 0
0 0
9956 7190
0 0
0 0
0 0
5282 2264
9379 1912
4171 7132
4225 0
0 0
8148 7643
0 0
7102 9720
0 0
4196 0
1238 9969
1135 0
0 0
7967 0
8265 8840
0 0
3513 0
2913 7505
0 0
4471 0
0 0
874 2186
4594 0
1678 2188
4498 0
4229 254
7192 0
5698 0
0 0
7501 0
5831 0
0 0
4193 0
833 1802
3638 4806
8739 2304
0 0
0 0
7515 267
0 0
7355 979
1877 0
0 0
3917 0
0 0
604 0
0 0
5017 9949
5546 0
4929 9340
8503 0
5295 0
0 0
2597 0
0 0
0 0
6703 1159
3550 8173
0 0
6181 0
7628 1431
2532 6086
7074 0
340 0
3050 5319
8453 3453
0 0
680 3945
0 0
0 0
7823 0
7322 8221
3430 0
0 0
9747 4020
6048 5582
0 0
0 0
0 0
0 0
897 2825
80 0
4289 9259
2114 0
6877 8631
0 0
0 0
8939 0
7101 0
3204 0
0 0
4398 0
3422 0
0 0
9951 9375
9512 0
0 0
5465 2014
125 0
2374 0
8026 774
0 0
0 0
6605 0
0 0
584 0
6695 6904
2859 2810
8301 9731
1446 5669
0 0
0 0
1789 0
0 0
2952 0
0 0
2301 0
0 0
0 0
0 0
7001 0
0 0
4941 1643
0 0
1659 7994
3593 0
8954 0
60 2763
0 0
0 0
0 0
1842 0
4501 4573
5104 0
5691 0
0 0
3098 5851
5237 188
6583 0
3582 3412
4524 0
0 0
0 0
8617 4219
4983 0
2801 0
3124 0
4224 0
1076 0
7882 0
0 0
0 0
277 3543
4973 0
0 0
9095 4595
4704 0
9735 0
0 0
2716 3360
5632 0
4315 7836
7406 0
6495 0
9594 865
4905 1321
691 0
0 0
0 0
2550 3153
4602 0
3317 611
9397 1746
8877 3664
9029 5447
0 0
4543 9777
0 0
389 3560
9967 6808
5747 0
0 0
0 0
9958 0
464 1967
0 0
9925 0
5224 4199
8084 0
6960 0
1201 496
2384 8329
0 0
0 0
9811 0
294 0
2047 1686
4475 4133
7025 7176
0 0
0 0
0 0
0 0
171 0
6281 0
0 0
4242 4895
7888 0
0 0
0 0
1581 9729
5916 9985
3029 8527
0 0
1296 4937
8778 8143
0 0
5533 8111
3061 0
0 0
3830 0
7391 6012
625 1215
0 0
492 0
0 0
5137 5620
0 0
4946 3749
3639 0
6954 8543
4963 0
8888 1849
1755 4322
2795 0
136 0
8385 0
0 0
0 0
402 0
9373 0
0 0
2605 5638
0 0
0 0
2437 0
1523 0
0 0
242 1586
8802 9937
738 0
0 0
200 7469
0 0
0 0
0 0
5940 8007
0 0
5290 0
7619 0
0 0
2309 0
1229 0
0 0
0 0
9853 2152
596 22
0 0
7727 0
292 0
6277 8167
7175 3680
4036 0
3549 7712
7608 0
0 0
194 0
7494 0
0 0
3959 0
5384 0
0 0
6084 0
6233 5107
0 0
4264 333
7734 0
3346 8768
731 978
0 0
47 0
1899 0
7016 0
4204 7159
0 0
4974 0
9436 2989
0 0
7116 4484
0 0
4083 0
6104 2266
0 0
4403 9110
0 0
0 0
0 0
9036 0
1553 0
6512 7904
0 0
6686 0
0 0
826 6914
0 0
0 0
0 0
2599 0
4948 0
0 0
4592 0
906 0
0 0
1098 0
6068 6510
0 0
8979 1261
8438 0
0 0
1276 6878
3535 0
0 0
4585 8859
0 0
8089 8149
1082 0
0 0
7903 2107
5187 0
9400 0
4977 0
6024 0
4686 0
0 0
6685 8586
9242 0
5979 0
4233 5149
4638 0
7549 5324
2015 8819
3607 5130
0 0
2285 6750
0 0
0 0
9120 0
0 0
0 0
7485 1168
2813 7796
4915 0
4185 0
6335 8524
0 0
0 0
5092 1307
6427 0
0 0
3364 827
90 6108
9857 1642
5540 0
5573 1853
9750 0
0 0
2191 9386
2075 7829
2714 1515
2421 6237
1798 5670
6107 8180
0 0
8561 849
0 0
6050 0
1601 8049
0 0
8218 3056
8858 0
0 0
4950 0
7731 0
1363 0
0 0
0 0
0 0
0 0
0 0
4991 0
0 0
0 0
0 0
6051 972
0 0
0 0
4049 0
0 0
4732 0
9263 276
6701 0
0 0
7407 0
2754 6533
4576 0
6691 8977
9118 1568
9749 0
3247 8956
6177 0
3815 9819
2849 0
309 0
9785 0
0 0
4250 6121
7436 942
8000 1212
7966 0
9056 0
8156 0
9673 3823
4026 1956
5912 0
0 0
0 0
4628 0
4121 5259
626 8197
24 0
7365 0
5881 5265
5806 6594
7571 0
0 0
0 0
1758 0
2774 0
3161 3482
0 0
89 0
9757 0
7394 1530
6069 2322
3849 2112
0 0
9547 0
0 0
2043 0
0 0
893 0
6383 7989
5371 5270
0 0
0 0
5320 810
0 0
0 0
5534 9216
422 0
9291 6395
20 2163
0 0
3345 0
0 0
0 0
6414 676
7940 0
4198 7846
8601 1721
4581 2022
8735 3597
4663 0
7338 6054
2800 3259
9189 9326
6966 0
4455 0
6819 0
6702 9809
5824 1028
0 0
6820 0
4666 4765
8393 7858
8839 0
0 0
0 0
0 0
8582 7303
6813 0
0 0
0 0
1685 2208
8326 4148
1140 0
4246 1228
6965 0
4023 0
0 0
4660 7870
9215 0
0 0
0 0
812 0
0 0
8195 1939
0 0
6494 5505
839 0
4508 0
6245 441
7216 6801
6874 7574
7050 4533
488 7586
5936 0
0 0
2820 3807
0 0
926 9137
8138 0
7292 0
9165 2995
4768 2362
6482 7824
0 0
0 0
7813 2720
6829 7408
0 0
8135 8276
0 0
0 0
246 0
9383 0
534 9765
9960 6922
3920 4939
0 0
5019 0
5478 0
9533 0
1335 1303
6114 0
2642 0
4641 0
7226 3722
4419 6718
3637 1451
0 0
0 0
0 0
3115 1800
8397 7771
4143 5415
7415 0
655 0
0 0
453 0
9079 0
0 0
0 0
3738 0
8114 0
7094 6984
9968 9798
0 0
0 0
5262 8259
7442 2779
3224 0
0 0
3343 85
801 0
6462 3443
0 0
4388 2302
708 7070
0 0
7112 0
0 0
0 0
6978 2687
9217 0
8867 4538
4010 2504
9642 7535
0 0
2771 0
0 0
0 0
4520 0
0 0
4384 6913
456 5475
3057 0
0 0
7510 0
0 0
0 0
7981 0
2684 6367
2728 7148
326 8707
0 0
9763 0
927 9348
5300 0
0 0
0 0
3977 0
2315 9477
0 0
7213 6305
2883 0
104 4624
4955 3864
0 0
2172 0
6768 1671
5787 0
0 0
0 0
0 0
0 0
5444 0
2846 8313
4571 0
0 0
3833 0
2071 0
6789 0
0 0
0 0
9361 8881
7363 3434
9664 3432
0 0
0 0
0 0
0 0
3699 1427
3300 0
3503 0
0 0
2434 0
9038 9427
0 0
0 0
346 0
8984 0
8183 2176
898 0
1052 0
337 0
7452 0
2934 0
0 0
0 0
0 0
6515 0
0 0
5333 3931
0 0
0 0
8436 0
8725 5575
4828 0
7807 2653
8483 4393
0 0
6359 6915
0 0
1415 1503
517 0
1756 0
0 0
582 795
5495 0
1564 0
0 0
2629 0
0 0
0 0
501 249
0 0
2074 0
778 3322
6412 9551
0 0
3579 0
0 0
0 0
593 0
1828 0
5299 7845
8576 0
0 0
6679 4208
0 0
8906 0
9425 131
5848 0
2411 0
0 0
7075 0
5508 0
1624 0
9007 0
0 0
0 0
835 7550
0 0
0 0
0 0
0 0
2332 4655
303 9904
5159 1809
6315 1595
0 0
4911 6322
5765 3267
9806 2381
5098 3448
365 0
5401 4248
0 0
2585 0
7331 3144
0 0
866 0
2806 0
9559 0
0 0
577 7590
7372 2988
719 2722
7224 917
3811 5842
606 7900
6817 1139
9111 0
0 0
3435 372
0 0
381 3706
4597 0
2781 0
6971 0
0 0
2872 2624
2511 2032
8730 9509
871 0
7298 0
0 0
0 0
0 0
3376 9647
964 0
9335 0
5672 0
3898 1060
8974 4658
2950 0
0 0
0 0
391 0
9327 8322
9222 0
7477 3362
8471 0
9695 1716
0 0
8630 8242
8553 0
7044 5809
2278 0
0 0
4754 273
5198 4890
3544 0
1000 0
0 0
0 0
6023 0
2464 0
5395 0
0 0
7254 2700
0 0
2056 0
8223 0
6528 0
504 0
0 0
4630 0
0 0
4800 0
6603 6849
0 0
8253 3223
0 0
2288 7091
2706 0
3885 0
1372 3873
9424 0
4949 0
0 0
3016 3358
5875 0
3548 1083
0 0
0 0
0 0
2286 8747
0 0
7187 6785
6872 3222
6525 3866
4450 4412
0 0
2425 0
455 1183
0 0
925 6607
8019 0
8480 4584
0 0
2534 8738
0 0
0 0
2092 3771
6977 0
630 6956
0 0
3349 6779
3352 1608
7917 8323
1290 3801
9199 3301
0 0
8901 0
7082 0
7269 6047
4818 0
1454 0
5496 0
4236 0
4651 0
9850 0
0 0
0 0
0 0
0 0
3529 3979
2353 3986
0 0
2225 0
0 0
4692 7243
0 0
789 0
0 0
2023 0
4856 0
2644 5487
6714 5222
0 0
0 0
3462 0
9091 0
8320 2095
5448 7706
0 0
4556 0
0 0
0 0
0 0
0 0
0 0
8755 38
3389 1250
0 0
2254 1180
0 0
0 0
0 0
0 0
0 0
386 0
0 0
1396 2898
4625 7435
2823 0
2493 0
553 1991
1951 0
0 0
6231 0
845 0
7685 0
9694 0
0 0
0 0
0 0
3297 7937
9142 3370
5681 7434
2408 0
0 0
2876 1491
0 0
3608 0
498 151
1705 9593
7474 0
0 0
3760 0
2694 0
7992 8990
6535 0
2303 0
4610 0
3779 6213
1652 6112
1923 291
0 0
354 5403
8153 0
802 6374
0 0
0 0
0 0
7107 447
5322 2729
0 0
7440 0
0 0
0 0
0 0
9009 1026
0 0
8605 0
1496 5284
8056 9995
8304 2752
1274 0
678 7657
4539 646
0 0
6373 334
0 0
0 0
0 0
7892 6458
9104 7239
6639 0
0 0
0 0
1641 0
5987 0
8280 0
4652 0
0 0
2717 0
3471 1129
0 0
0 0
0 0
7749 2715
0 0
1468 2641
397 0
9017 2449
0 0
2321 0
9115 3375
7581 4817
0 0
0 0
0 0
5874 0
9905 0
0 0
6520 2298
1404 3140
3540 0
0 0
6514 396
0 0
0 0
8099 0
2008 2923
2937 0
5553 0
7250 0
108 4799
0 0
5684 0
7677 8312
0 0
9766 0
2497 9897
8558 0
479 3292
2455 0
1694 0
9077 2017
9480 0
0 0
6661 0
4900 5325
0 0
0 0
0 0
0 0
9496 3776
5441 2936
5396 0
0 0
0 0
0 0
4399 0
1100 3186
0 0
4530 0
0 0
2827 1582
0 0
4844 0
6930 0
9130 8340
3082 1030
9614 9206
1389 0
799 8756
1344 0
5476 0
0 0
957 8482
809 7267
6451 475
147 0
4438 1207
8685 0
0 0
2046 0
2578 2111
741 6036
4518 0
0 0
5360 4904
0 0
0 0
5105 5154
0 0
7998 0
1205 0
0 0
1162 7988
5312 0
9476 7815
5674 0
9843 0
0 0
0 0
1846 0
7066 0
0 0
1107 5530
2841 0
0 0
878 7803
7566 0
7537 4009
2257 0
0 0
1779 0
3182 0
8309 0
3690 0
3619 0
0 0
6216 1278
0 0
0 0
2873 0
3236 0
3763 0
0 0
4829 0
5313 9873
0 0
6194 77
5090 1322
0 0
4985 7906
686 0
0 0
0 0
7624 6269
215 5844
4046 560
8446 4783
7683 1770
7709 0
4356 5531
0 0
239 0
7638 3800
8944 4031
0 0
0 0
9862 0
8405 0
0 0
0 0
8240 218
0 0
2409 220
4637 0
2207 0
0 0
175 6875
7155 0
3342 0
3910 65
664 0
0 0
9734 3397
7316 0
0 0
0 0
0 0
223 3320
9346 0
9829 0
1216 8655
5190 8337
2819 0
7197 0
8640 0
5702 4953
5036 5934
0 0
0 0
0 0
7293 3574
4872 4507
0 0
0 0
0 0
9864 0
9304 0
0 0
0 0
0 0
0 0
0 0
4846 0
4570 0
0 0
0 0
5746 0
5576 0
0 0
2145 0
8178 576
0 0
0 0
0 0
856 0
0 0
509 2755
2666 0
7161 0
2129 0
2990 1666
0 0
0 0
0 0
3585 4774
0 0
6406 9156
8674 0
4274 0
4124 0
0 0
0 0
7884 0
3198 0
2190 6159
2480 5114
0 0
7713 0
414 9492
5516 0
0 0
9035 7257
9544 7738
594 0
0 0
2916 1522
0 0
9150 3460
7614 0
3758 0
562 6163
114 6362
2373 4889
0 0
1002 0
8752 0
8387 0
1516 0
3002 0
0 0
8219 1355
0 0
5020 7600
4821 858
3235 8592
0 0
998 0
0 0
6692 0
0 0
4286 0
0 0
0 0
7839 7523
0 0
0 0
2957 0
7385 3363
0 0
1492 7848
3774 5935
0 0
1706 887
0 0
3337 4684
0 0
476 0
6546 0
141 0
0 0
6534 0
5174 0
1811 0
7691 0
7323 1291
1386 4350
7020 6073
0 0
0 0
1153 635
0 0
0 0
3524 5251
4300 9119
0 0
8810 1773
0 0
280 0
796 8517
0 0
209 0
4517 0
0 0
6559 2000
3026 0
0 0
4309 792
6308 0
96 0
3123 0
1911 5381
0 0
8692 2631
7383 6419
2099 0
415 0
7123 0
6826 0
0 0
0 0
0 0
0 0
9931 0
0 0
0 0
1753 0
0 0
1011 6329
0 0
581 0
0 0
5433 0
0 0
1814 0
5703 0
5 0
9403 1829
0 0
6516 7679
0 0
4826 0
2971 7416
8701 0
3461 4971
0 0
6536 7728
0 0
0 0
7513 0
1369 0
8985 1740
0 0
0 0
0 0
0 0
324 3154
0 0
3924 0
3545 0
8352 0
0 0
4559 0
2436 1310
8228 3643
0 0
9903 0
0 0
8213 0
0 0
3092 5565
0 0
3824 0
7172 7507
5408 0
0 0
0 0
0 0
0 0
8420 0
4110 0
0 0
8536 2320
1132 5389
2167 0
5948 0
7136 0
0 0
0 0
460 0
9586 0
1727 0
143 0
0 0
0 0
890 2787
7330 4493
6810 134
9500 0
0 0
0 0
2132 1149
0 0
0 0
1031 0
25 304
362 0
4122 7718
2276 0
0 0
4569 0
0 0
9682 8401
1698 3881
7441 7068
6372 0
4226 8624
1218 0
5402 9351
0 0
0 0
0 0
5590 0
0 0
0 0
4096 0
0 0
297 0
9478 0
0 0
0 0
5579 6318
0 0
4142 9635
0 0
0 0
0 0
7174 1870
2926 0
0 0
0 0
0 0
4451 0
0 0
1786 9191
8266 0
6382 2242
1914 0
0 0
4408 3875
8942 0
4921 0
0 0
5622 1848
0 0
8694 6439
0 0
264 5399
9753 580
0 0
5708 40
1506 681
9131 2586
6746 0
9998 0
7315 0
0 0
5139 6079
0 0
3819 166
6648 0
883 0
233 0
766 3277
8832 7942
9307 0
6252 4228
1146 6550
0 0
5584 1115
1710 0
0 0
7121 0
4391 6886
6696 2256
0 0
4147 7018
0 0
0 0
0 0
8890 0
7831 0
2665 6662
0 0
7324 0
820 9296
8834 0
0 0
9281 0
0 0
0 0
9451 0
6885 9523
5417 0
0 0
6957 6747
8140 0
0 0
5588 1547
3714 0
0 0
8317 4696
550 3051
0 0
9122 2034
0 0
0 0
0 0
6800 6030
0 0
2415 9094
1108 0
3309 0
6276 8355
0 0
5910 6396
9999 0
0 0
0 0
1089 0
7029 0
677 0
6212 0
1301 8472
0 0
0 0
9342 0
0 0
0 0
7064 0
632 5648
5542 0
4129 0
5988 0
0 0
7982 0
0 0
8760 6615
7612 7622
