1000 1749
1 2 491
18 20 992
35 19 178
52 3 992
69 5 672
86 13 370
103 11 120
120 16 492
137 17 266
154 7 54
171 20 385
188 1 302
205 15 936
222 7 389
239 9 648
256 19 469
273 2 893
290 12 521
307 14 267
324 10 138
341 20 67
358 1 249
375 15 760
392 7 187
409 15 130
426 10 670
443 11 841
460 19 741
477 6 302
494 18 779
511 10 973
528 3 925
545 12 560
562 11 356
579 3 648
596 19 267
613 1 825
630 11 491
647 19 548
664 15 277
681 6 680
698 8 911
715 4 253
732 10 79
749 20 128
766 3 223
783 14 616
800 9 935
817 14 754
834 17 616
851 20 740
868 5 800
885 8 446
902 4 317
919 3 838
936 8 498
953 8 481
970 3 913
987 17 481
4 19 186
21 3 915
38 18 498
55 6 207
72 19 618
89 18 982
106 5 432
123 5 877
140 11 87
157 17 277
174 8 8
191 13 513
208 16 313
225 4 870
242 12 984
259 10 760
276 6 698
293 1 884
310 19 177
327 11 611
344 14 3
361 13 8
378 16 289
395 17 254
412 7 651
429 14 220
446 1 28
463 3 611
480 9 176
497 6 362
514 9 326
531 7 221
548 17 389
565 2 458
582 10 678
599 9 281
616 17 780
633 17 622
650 16 227
667 3 52
684 6 266
701 9 46
718 3 446
735 4 463
752 11 420
769 12 773
786 4 18
803 20 838
820 17 187
837 8 487
854 18 134
871 12 315
888 18 130
905 2 899
922 15 254
939 1 6
956 16 239
973 8 3
990 6 158
7 8 515
24 8 149
41 3 686
58 8 734
75 5 629
92 8 397
109 11 646
126 4 79
143 12 625
160 18 825
177 2 547
194 7 956
211 13 982
228 2 807
245 4 90
262 6 339
279 19 214
296 19 452
313 8 983
330 16 635
347 2 214
364 9 31
381 6 309
398 1 915
415 8 749
432 12 389
449 13 158
466 16 762
483 9 751
500 1 773
517 17 355
534 20 758
551 4 603
568 17 227
585 1 690
602 10 408
619 13 202
636 6 202
653 20 420
670 17 287
687 15 279
704 10 867
721 20 672
738 13 605
755 15 309
772 2 182
789 4 777
806 7 287
823 2 213
840 12 511
857 3 58
874 18 564
891 11 977
908 15 679
925 17 23
942 10 672
959 3 87
976 11 181
993 4 877
10 14 195
27 15 913
44 14 279
61 12 123
78 10 182
95 8 781
112 8 612
129 18 646
146 18 352
163 11 560
180 5 725
197 16 741
214 19 992
231 17 925
248 9 628
265 10 221
282 13 356
299 14 335
316 19 239
333 13 355
350 11 663
367 3 854
384 14 538
401 9 625
418 1 678
435 5 335
452 7 919
469 19 406
486 5 935
503 9 432
520 5 325
537 17 975
554 11 919
571 6 158
588 18 54
605 18 547
622 8 498
639 2 925
656 8 998
673 1 431
690 13 109
707 17 690
724 16 944
741 13 697
758 13 87
775 8 492
792 20 867
809 19 838
826 15 493
843 8 448
860 5 809
877 9 796
894 5 932
911 7 581
928 5 83
945 16 28
962 6 790
979 11 353
996 2 186
13 5 309
30 6 66
47 5 883
64 10 741
81 5 33
98 9 576
115 3 971
132 19 186
149 2 370
166 12 310
183 12 580
200 13 672
217 20 29
234 2 28
251 10 239
268 8 651
285 12 182
302 4 584
319 14 156
336 19 900
353 7 420
370 9 255
387 11 91
404 1 463
421 15 566
438 16 322
455 19 890
472 1 393
489 16 202
506 15 491
523 3 651
540 12 46
557 1 3
574 11 707
591 10 354
608 18 807
625 5 973
642 20 751
659 14 975
676 8 279
693 5 738
710 2 226
727 18 552
744 20 707
761 13 455
778 4 317
795 10 522
812 10 989
829 20 600
846 7 680
863 15 125
880 18 356
897 19 580
914 18 555
931 9 351
948 19 725
965 10 267
982 19 779
999 17 232
16 2 916
33 10 906
50 10 377
67 19 413
84 4 83
101 5 740
118 20 971
135 20 315
152 15 339
169 7 249
186 4 463
203 13 909
220 8 622
237 12 207
254 15 463
271 10 906
288 6 634
305 15 377
322 9 716
339 2 709
356 13 698
373 15 651
390 18 476
407 13 984
424 18 521
441 17 612
458 13 368
475 5 832
492 6 6
509 3 714
526 13 315
543 13 452
560 9 600
577 2 226
594 12 18
611 9 202
628 11 936
645 1 925
662 2 104
679 17 623
696 8 182
713 11 623
730 2 141
747 17 322
764 15 595
781 16 935
798 5 377
815 14 368
832 5 884
849 15 773
866 4 318
883 4 8
900 18 963
917 6 971
934 6 689
951 5 515
968 1 315
985 14 356
2 8 104
19 2 446
36 5 812
53 6 853
70 19 254
87 10 607
104 16 38
121 16 749
138 15 638
155 11 138
172 1 586
189 19 762
206 6 130
223 13 901
240 5 31
257 1 909
274 6 992
291 10 156
308 20 424
325 15 123
342 7 232
359 9 740
376 14 515
393 5 362
410 5 171
427 15 997
444 18 234
461 14 211
478 6 170
495 9 870
512 10 141
529 4 46
546 15 390
563 20 832
580 3 394
597 15 255
614 16 138
631 15 397
648 6 262
665 13 130
682 8 997
699 19 227
716 19 310
733 8 232
750 6 929
767 18 322
784 11 893
801 6 339
818 10 232
835 1 253
852 8 992
869 12 377
886 12 536
903 6 390
920 8 281
937 13 933
954 7 586
971 10 648
988 5 607
5 8 596
22 5 232
39 16 602
56 9 91
73 20 689
90 6 901
107 14 734
124 10 536
141 6 498
158 15 368
175 11 983
192 13 751
209 5 390
226 14 595
243 19 29
260 1 629
277 9 325
294 20 318
311 12 463
328 3 249
345 6 931
362 16 628
379 9 632
396 11 58
413 2 181
430 13 170
447 9 724
464 19 762
481 13 973
498 2 513
515 16 326
532 10 756
549 12 536
566 5 214
583 13 187
600 19 617
617 1 982
634 15 28
651 1 374
668 18 632
685 17 281
702 5 390
719 10 96
736 10 692
753 9 558
770 9 525
787 10 967
804 15 924
821 5 353
838 8 531
855 14 560
872 8 457
889 17 638
906 11 944
923 6 851
940 3 42
957 19 223
974 2 351
991 20 548
8 12 205
25 4 90
42 6 758
59 20 254
76 10 393
93 12 708
110 20 187
127 19 626
144 4 186
161 13 313
178 6 850
195 9 796
212 2 884
229 11 632
246 20 335
263 8 234
280 4 493
297 17 913
314 9 697
331 16 325
348 12 635
365 19 932
382 11 985
399 11 870
416 7 525
433 20 516
450 5 130
467 9 489
484 5 195
501 1 586
518 16 357
535 16 481
552 8 542
569 15 149
586 11 511
603 9 936
620 2 890
637 17 758
654 9 686
671 20 354
688 14 207
705 8 689
722 12 909
739 20 810
756 10 292
773 8 514
790 1 651
807 11 989
824 19 829
841 5 394
858 12 810
875 9 125
892 9 852
909 13 18
926 19 516
943 5 361
960 15 983
977 11 918
994 16 773
11 2 780
28 11 262
45 5 190
62 7 158
79 7 31
96 8 573
113 2 764
130 12 678
147 11 223
164 18 272
181 2 690
198 4 532
215 15 900
232 6 361
249 14 703
266 16 904
283 19 424
300 9 780
317 20 149
334 10 109
351 14 611
368 19 603
385 17 128
402 12 564
419 6 320
436 17 158
453 12 741
470 12 698
487 3 29
504 9 261
521 20 596
538 17 486
555 2 313
572 1 740
589 14 754
606 5 884
623 11 692
640 7 698
657 14 667
674 9 406
691 15 377
708 3 516
725 19 52
742 1 573
759 2 513
776 10 281
793 15 119
810 9 924
827 11 322
844 13 698
861 17 240
878 11 491
895 14 635
912 12 977
929 10 182
946 5 207
963 17 901
980 3 276
997 14 38
14 17 3
31 9 935
48 1 832
65 2 916
82 12 638
99 11 877
116 3 775
133 11 925
150 6 633
167 15 861
184 5 511
201 17 900
218 4 607
235 7 721
252 20 564
269 20 582
286 7 829
303 12 46
320 11 853
337 19 832
354 6 277
371 11 267
388 12 83
405 3 754
422 4 931
439 10 977
456 3 320
473 14 67
490 14 17
507 12 38
524 10 567
541 11 998
558 1 309
575 1 38
592 17 721
609 18 292
626 7 362
643 11 654
660 1 777
677 9 54
694 19 573
711 19 105
728 11 494
745 12 17
762 16 573
779 12 738
796 18 221
813 1 515
830 16 582
847 19 368
864 17 367
881 15 704
898 6 249
915 4 476
932 5 913
949 4 492
966 17 281
983 5 6
1000 7 368
17 10 884
34 8 971
51 18 487
68 12 42
85 19 8
102 18 357
119 10 513
136 2 99
153 11 899
170 16 176
187 12 339
204 18 548
221 3 292
238 1 775
255 12 119
272 19 612
289 19 239
306 9 904
323 11 933
340 5 984
357 16 956
374 20 370
391 20 262
408 14 486
425 7 625
442 7 611
459 16 751
476 6 515
493 1 973
510 2 123
527 20 302
544 9 214
561 10 326
578 4 915
595 11 265
612 1 79
629 12 566
646 20 605
663 7 853
680 16 317
697 19 272
714 3 913
731 14 851
748 3 906
765 9 354
782 13 141
799 2 448
816 2 493
833 4 355
850 1 709
867 9 258
884 8 272
901 15 191
918 8 760
935 17 292
952 16 487
969 12 394
986 14 725
3 10 670
20 8 918
37 9 207
54 2 654
71 4 223
88 7 679
105 12 134
122 13 397
139 5 714
156 17 18
173 9 622
190 1 646
207 4 775
224 17 707
241 11 861
258 6 809
275 19 440
292 2 0
309 4 318
326 19 38
343 11 253
360 10 632
377 6 781
394 9 406
411 9 595
428 12 564
445 11 758
462 8 909
479 10 596
496 19 149
513 20 221
530 3 782
547 4 292
564 4 494
581 4 646
598 7 716
615 6 493
632 14 338
649 9 696
666 1 861
683 4 883
700 13 249
717 19 532
734 10 969
751 5 4
768 8 716
785 13 525
802 19 812
819 2 8
836 20 96
853 8 793
870 1 149
887 7 220
904 12 181
921 13 261
938 20 741
955 2 911
972 18 756
989 6 838
6 17 141
23 20 997
40 20 446
57 17 54
74 8 4
91 17 406
108 16 265
125 7 86
142 19 635
159 4 86
176 17 800
193 14 931
210 17 809
227 19 370
244 7 356
261 14 596
278 3 933
295 12 916
312 20 762
329 17 109
346 8 170
363 3 420
380 6 850
397 9 326
414 11 667
431 10 883
448 10 261
465 10 663
482 14 320
499 14 41
516 13 240
533 17 605
550 11 491
567 17 602
584 12 692
601 5 458
618 14 547
635 12 357
652 2 87
669 3 605
686 14 120
703 8 79
720 20 361
737 5 171
754 13 18
771 7 791
788 18 985
805 10 883
822 9 41
839 5 326
856 13 211
873 18 67
890 4 191
907 15 359
924 2 993
941 18 924
958 10 109
975 9 572
992 4 547
9 1 536
26 18 253
43 18 764
60 19 933
77 17 329
94 19 108
111 10 611
128 2 596
145 2 23
162 7 956
179 5 832
196 14 971
213 9 385
230 18 394
247 3 325
264 6 919
281 8 807
298 10 289
315 7 393
332 2 54
349 20 355
366 17 481
383 14 448
400 2 119
417 1 138
434 1 452
451 4 580
468 13 714
485 12 984
502 4 317
519 6 355
536 3 969
553 10 532
570 16 918
587 13 943
604 1 841
621 8 678
638 3 566
655 14 469
672 11 310
689 18 79
706 5 809
723 11 413
740 14 809
757 6 602
774 9 406
791 12 915
808 2 622
825 19 393
842 2 749
859 10 841
876 7 287
893 7 357
910 3 362
927 10 933
944 4 756
961 12 389
978 19 393
995 8 667
12 2 775
29 13 176
46 9 969
63 6 890
80 10 361
97 4 679
114 3 508
131 12 489
148 14 336
165 16 572
182 9 602
199 15 582
216 9 542
233 8 932
250 20 773
267 16 411
284 8 850
301 2 919
318 3 357
335 8 489
352 4 6
369 2 984
386 10 734
403 8 725
420 8 603
437 12 607
454 8 261
471 18 725
488 18 87
505 17 890
522 3 339
539 14 812
556 5 632
573 13 287
590 1 807
607 14 819
624 17 140
641 15 458
658 12 967
675 17 850
692 2 756
709 9 796
726 9 525
743 2 4
760 11 603
777 2 626
794 6 663
811 20 408
828 20 689
845 2 838
862 18 696
879 19 686
896 11 633
913 5 612
930 13 302
947 1 67
964 7 716
981 20 531
998 4 576
15 20 389
32 12 564
49 11 170
66 1 272
83 18 359
100 4 634
117 15 851
134 20 6
151 4 156
168 16 633
185 11 458
202 20 958
219 12 424
236 20 91
253 9 852
270 13 790
287 10 646
304 5 915
321 13 751
338 9 877
355 9 100
372 20 156
389 11 28
406 3 956
423 2 548
440 10 184
457 8 576
474 10 555
491 20 413
508 15 605
525 6 654
542 3 900
559 11 446
576 12 141
593 15 432
610 17 277
627 6 820
644 12 975
661 3 318
678 15 508
695 7 904
712 20 390
729 5 432
746 7 633
763 11 663
780 6 440
797 18 762
814 6 532
831 19 394
848 17 508
865 11 240
882 4 181
899 20 325
916 10 511
933 13 638
950 10 714
967 19 104
984 19 721
