1000 1820
1 14 781
18 16 68
35 20 754
52 5 195
69 13 649
86 10 74
103 14 110
120 18 961
137 12 960
154 1 462
171 14 253
188 20 296
205 12 154
222 19 763
239 11 870
256 2 424
273 1 195
290 15 147
307 18 63
324 13 675
341 2 959
358 16 648
375 12 159
392 15 866
409 17 1000
426 2 52
443 20 446
460 2 626
477 2 316
494 20 349
511 17 1000
528 4 406
545 6 305
562 13 637
579 5 727
596 16 637
613 9 78
630 20 30
647 19 533
664 9 240
681 3 692
698 16 551
715 18 856
732 17 817
749 1 590
766 10 394
783 8 999
800 2 148
817 7 116
834 18 394
851 13 401
868 19 865
885 7 931
902 3 31
919 9 888
936 4 240
953 18 283
970 17 598
987 19 253
4 5 283
21 7 351
38 18 446
55 19 901
72 16 556
89 10 108
106 9 660
123 20 253
140 2 23
157 7 155
174 19 538
191 3 596
208 10 800
225 1 404
242 3 689
259 13 383
276 15 903
293 16 734
310 19 960
327 13 115
344 11 81
361 13 916
378 13 912
395 16 799
412 9 318
429 9 885
446 10 656
463 7 818
480 20 269
497 2 733
514 3 214
531 14 903
548 13 782
565 9 979
582 3 338
599 5 108
616 16 953
633 19 750
650 13 85
667 10 818
684 18 530
701 19 101
718 16 309
735 4 112
752 10 485
769 15 707
786 3 155
803 4 316
820 2 65
837 14 303
854 20 242
871 3 592
888 6 817
905 10 741
922 3 423
939 10 818
956 15 214
973 13 660
990 7 979
7 16 591
24 10 999
41 8 198
58 15 766
75 13 517
92 2 279
109 9 148
126 17 57
143 19 835
160 14 728
177 11 637
194 7 27
211 3 903
228 12 999
245 4 727
262 12 155
279 20 305
296 1 931
313 13 159
330 17 713
347 4 379
364 20 553
381 16 418
398 4 999
415 20 582
432 6 853
449 16 139
466 7 486
483 20 15
500 10 916
517 20 870
534 2 450
551 12 193
568 13 767
585 8 554
602 1 721
619 18 856
636 8 109
653 13 109
670 16 187
687 15 164
704 11 606
721 5 673
738 14 485
755 12 867
772 20 538
789 14 116
806 7 155
823 1 853
840 16 814
857 1 538
874 2 405
891 4 387
908 2 811
925 1 1
942 13 101
959 16 33
976 5 339
993 19 836
10 8 34
27 11 793
44 16 741
61 19 903
78 9 195
95 20 770
112 13 669
129 18 192
146 14 416
163 7 240
180 14 725
197 12 387
214 11 900
231 16 764
248 17 831
265 20 266
282 14 814
299 16 733
316 18 754
333 11 19
350 3 934
367 15 533
384 6 885
401 9 643
418 5 779
435 10 168
452 11 481
469 18 341
486 20 259
503 2 432
520 5 269
537 13 483
554 19 764
571 12 166
588 14 413
605 16 486
622 10 30
639 13 239
656 13 688
673 1 33
690 4 555
707 3 521
724 13 228
741 15 250
758 1 956
775 18 626
792 7 748
809 16 479
826 5 45
843 18 964
860 20 253
877 19 937
894 14 521
911 8 836
928 14 978
945 11 251
962 19 227
979 17 812
996 20 339
13 4 627
30 18 117
47 12 767
64 9 599
81 10 41
98 14 779
115 1 400
132 17 675
149 11 159
166 16 873
183 7 615
200 8 309
217 3 78
234 4 483
251 18 817
268 20 865
285 15 555
302 16 685
319 18 685
336 6 853
353 10 819
370 17 867
387 11 812
404 20 589
421 2 105
438 1 874
455 14 805
472 9 812
489 5 784
506 6 689
523 15 462
540 20 17
557 15 383
574 20 758
591 9 387
608 2 596
625 2 139
642 7 158
659 20 540
676 9 754
693 16 979
710 4 301
727 12 19
744 10 179
761 18 636
778 11 345
795 13 301
812 15 185
829 8 338
846 15 590
863 13 164
880 17 599
897 4 530
914 12 607
931 3 689
948 8 152
965 16 316
982 15 685
999 1 169
16 20 885
33 15 867
50 1 894
67 12 796
84 18 758
101 13 432
118 15 1000
135 1 979
152 5 461
169 2 637
186 1 520
203 14 412
220 19 733
237 3 78
254 16 201
271 17 517
288 11 264
305 8 24
322 1 303
339 9 558
356 15 711
373 4 85
390 12 141
407 18 228
424 19 300
441 12 545
458 16 713
475 15 506
492 20 443
509 8 1
526 11 412
543 18 388
560 15 727
577 3 971
594 3 902
611 17 180
628 5 681
645 6 371
662 19 74
679 19 890
696 14 627
713 9 276
730 19 656
747 3 264
764 17 152
781 10 401
798 17 681
815 8 622
832 13 493
849 13 831
866 18 779
883 3 201
900 14 848
917 8 379
934 7 563
951 18 405
968 5 546
985 1 817
2 1 83
19 5 169
36 8 672
53 14 79
70 10 227
87 16 461
104 9 527
121 9 158
138 5 763
155 9 461
172 20 818
189 9 152
206 5 819
223 7 269
240 18 978
257 15 63
274 1 360
291 13 402
308 13 309
325 14 233
342 9 554
359 17 521
376 7 166
393 11 53
410 3 126
427 10 345
444 9 173
461 6 139
478 5 266
495 19 264
512 3 865
529 1 700
546 6 195
563 9 110
580 9 221
597 19 450
614 5 479
631 11 461
648 9 481
665 16 517
682 17 337
699 11 461
716 11 598
733 11 545
750 20 622
767 19 784
784 14 406
801 5 916
818 8 345
835 7 139
852 16 182
869 16 917
886 20 979
903 8 727
920 4 201
937 18 750
954 9 266
971 10 462
988 18 711
5 11 402
22 1 643
39 5 976
56 20 527
73 17 912
90 8 33
107 7 402
124 11 418
141 4 978
158 14 783
175 15 796
192 8 867
209 8 112
226 19 81
243 14 644
260 20 919
277 11 83
294 15 796
311 11 253
328 16 221
345 16 890
362 13 627
379 17 750
396 19 784
413 2 79
430 14 733
447 19 793
464 7 523
481 9 647
498 11 577
515 13 648
532 16 50
549 12 159
566 3 112
583 7 927
600 13 685
617 6 68
634 1 58
651 18 32
668 15 608
685 20 673
702 8 548
719 4 614
736 14 28
753 8 760
770 12 345
787 8 486
804 17 438
821 8 999
838 5 126
855 19 681
872 11 143
889 16 591
906 15 486
923 15 967
940 20 404
957 10 384
974 8 28
991 8 239
8 20 656
25 1 554
42 18 154
59 6 711
76 12 400
93 17 338
110 9 959
127 4 440
144 17 545
161 12 1000
178 13 626
195 13 168
212 20 799
229 12 687
246 5 835
263 10 199
280 15 932
297 5 879
314 1 510
331 15 805
348 18 20
365 16 68
382 18 927
399 20 250
416 16 666
433 18 831
450 10 900
467 2 748
484 18 598
501 20 480
518 5 956
535 6 770
552 20 326
569 9 259
586 15 817
603 7 754
620 9 666
637 3 913
654 12 764
671 6 876
688 13 521
705 20 554
722 4 953
739 19 636
756 16 510
773 3 636
790 16 990
807 17 607
824 6 636
841 12 211
858 18 520
875 14 228
892 6 530
909 5 480
926 1 988
943 2 675
960 19 517
977 6 105
994 3 97
11 12 34
28 2 341
45 8 675
62 1 30
79 4 305
96 20 960
113 2 208
130 16 542
147 1 19
164 12 160
181 20 164
198 10 259
215 1 848
232 4 467
249 18 989
266 15 591
283 8 711
300 12 532
317 20 173
334 17 269
351 9 256
368 4 814
385 16 591
402 4 228
419 9 78
436 13 606
453 10 606
470 7 582
487 1 20
504 11 479
521 6 0
538 14 506
555 11 961
572 6 988
589 15 341
606 5 590
623 15 871
640 2 55
657 4 781
674 15 133
691 15 250
708 7 312
725 2 446
742 6 644
759 8 672
776 18 38
793 19 955
810 9 967
827 1 41
844 2 180
861 4 164
878 5 340
895 17 506
912 20 814
929 11 692
946 20 318
963 5 52
980 2 235
997 13 675
14 13 558
31 1 615
48 8 598
65 2 130
82 8 493
99 4 116
116 20 305
133 16 32
150 17 885
167 16 758
184 8 110
201 11 745
218 10 130
235 15 109
252 8 990
269 13 745
286 8 108
303 18 750
320 16 784
337 2 443
354 16 173
371 11 689
388 20 53
405 1 72
422 11 316
439 3 591
456 7 967
473 20 626
490 17 159
507 3 874
524 14 554
541 9 713
558 12 443
575 5 154
592 18 988
609 4 339
626 4 971
643 11 688
660 16 53
677 19 926
694 13 988
711 18 185
728 13 140
745 6 405
762 1 545
779 9 412
796 8 30
813 3 404
830 19 23
847 20 412
864 3 681
881 18 546
898 8 888
915 11 540
932 7 300
949 1 116
966 6 661
983 18 960
1000 3 423
17 2 533
34 2 615
51 6 177
68 8 835
85 14 65
102 20 31
119 4 538
136 6 530
153 10 548
170 14 814
187 11 931
204 2 782
221 14 57
238 12 1000
255 6 876
272 19 767
289 15 615
306 2 964
323 6 688
340 3 853
357 19 555
374 20 796
391 8 483
408 8 669
425 3 727
442 3 152
459 14 875
476 8 198
493 17 32
510 15 185
527 14 413
544 17 581
561 4 485
578 17 312
595 7 112
612 9 462
629 10 926
646 17 607
663 2 318
680 10 916
697 14 1
714 14 808
731 11 417
748 5 643
765 16 215
782 11 413
799 1 387
816 15 108
833 4 338
850 17 606
867 10 479
884 1 745
901 9 765
918 2 217
935 13 760
952 11 582
969 18 783
986 9 339
3 12 241
20 18 961
37 12 592
54 5 467
71 12 782
88 4 180
105 3 158
122 8 847
139 14 443
156 16 598
173 16 784
190 13 45
207 14 227
224 20 859
241 6 903
258 10 799
275 8 379
292 20 105
309 7 404
326 12 539
343 10 672
360 18 961
377 16 748
394 1 532
411 17 990
428 16 523
445 15 812
462 7 724
479 7 72
496 1 447
513 9 241
530 20 546
547 1 741
564 19 115
581 12 660
598 7 341
615 15 177
632 17 395
649 18 72
666 13 721
683 20 763
700 5 394
717 19 756
734 1 115
751 5 369
768 11 506
785 17 558
802 18 582
819 19 462
836 10 198
853 1 28
870 7 959
887 14 607
904 14 259
921 19 627
938 9 990
955 4 51
972 1 31
989 10 956
6 14 964
23 8 521
40 9 27
57 19 164
74 4 318
91 10 865
108 5 20
125 3 926
142 16 750
159 5 647
176 11 506
193 16 57
210 15 15
227 16 296
244 1 247
261 14 558
278 14 917
295 16 582
312 4 831
329 9 119
346 10 34
363 16 681
380 14 438
397 4 301
414 14 240
431 15 660
448 10 767
465 3 754
482 10 661
499 19 251
516 11 765
533 4 913
550 5 406
567 20 485
584 9 481
601 12 119
618 11 926
635 16 770
652 1 794
669 7 888
686 8 402
703 20 355
720 1 41
737 18 985
754 18 443
771 11 721
788 14 189
805 4 387
822 1 180
839 12 15
856 7 266
873 17 649
890 16 901
907 12 527
924 19 31
941 12 412
958 7 340
975 17 369
992 7 931
9 13 79
26 8 256
43 16 194
60 3 1
77 11 41
94 2 227
111 4 725
128 11 782
145 1 81
162 16 33
179 1 151
196 2 831
213 2 109
230 8 20
247 3 72
264 16 540
281 9 264
298 16 303
315 17 187
332 15 158
349 8 133
366 18 83
383 19 800
400 17 854
417 18 85
434 12 360
451 4 926
468 12 198
485 3 622
502 19 180
519 18 228
536 7 520
553 5 736
570 1 728
587 10 109
604 19 874
621 8 808
638 15 475
655 10 239
672 14 748
689 17 51
706 2 927
723 12 273
740 18 558
757 17 256
774 10 483
791 15 1
808 14 108
825 11 301
842 15 338
859 3 166
876 13 724
893 5 349
910 18 269
927 13 867
944 17 902
961 15 901
978 12 400
995 1 874
12 2 334
29 10 250
46 19 126
63 16 58
80 7 606
97 2 57
114 4 934
131 1 379
148 12 728
165 12 480
182 4 669
199 18 227
216 8 808
233 20 964
250 6 65
267 5 233
284 15 805
301 12 716
318 5 279
335 2 251
352 9 256
369 10 63
386 20 666
403 18 626
420 6 546
437 7 406
454 5 510
471 10 527
488 2 256
505 5 90
522 19 648
539 6 214
556 12 23
573 2 548
590 9 698
607 15 58
624 6 931
641 2 339
658 13 177
675 2 888
692 6 341
709 15 74
726 1 81
743 8 660
760 16 139
777 17 357
794 17 673
811 4 85
828 12 369
845 11 779
862 20 590
879 10 848
896 7 162
913 5 50
930 6 687
947 10 661
964 20 162
981 2 876
998 1 978
15 17 398
32 13 259
49 7 369
66 16 688
83 16 743
100 5 548
117 14 33
134 2 793
151 9 195
168 4 656
185 15 300
202 8 432
219 7 152
236 12 808
253 13 303
270 14 669
287 19 956
304 17 72
321 10 432
338 6 888
355 9 438
372 12 716
389 18 264
406 9 438
423 16 215
440 11 959
457 13 551
474 10 41
491 6 967
508 19 400
525 6 400
542 5 955
559 16 65
576 2 384
593 5 956
610 16 971
627 10 115
644 11 169
661 10 875
678 19 607
695 10 447
712 18 379
729 19 666
746 4 81
763 4 819
780 7 916
797 19 990
814 14 383
831 17 58
848 5 913
865 14 301
882 5 812
899 17 599
916 14 289
933 19 351
950 16 79
967 8 116
984 15 764
